CurrentTime [sec],indexPositionCommand (1-DoF) [mm],indexPosition X [mm],indexPosition Y [mm],indexPosition Z [mm],indexOrientation X [deg],indexOrientation Y [deg],indexOrientation Z [deg],indexScaleValue [m],thumbPositionCommand (1-DoF) [mm],thumbPosition X [mm],thumbPosition Y [mm],thumbPosition Z [mm],thumbOrientation X [deg],thumbOrientation Y [deg],thumbOrientation Z [deg],thumbScaleValue [m],spherePosition X [mm],spherePosition Y [mm],spherePosition Z [mm],sphereOrientation X [deg],sphereOrientation Y [deg],sphereOrientation Z [deg],sphereScaleValue [m],sphereStiffness [N/m],startingAreaPosition X [mm],startingAreaPosition Y [mm],startingAreaPosition Z [mm],startingAreaRadius [m],startingAreaHeight [m],targetAreaPosition X [mm],targetAreaPosition Y [mm],targetAreaPosition Z [mm],targetAreaRadius [m],targetAreaHerght [m],Successes,Failures,timeOfCurrentSuccess [sec],timeSinceLastSuccess [sec],Trial Number,Arduino finalPos1 [mm],Arduino finalPos2 [mm],Arduino Elapsed Time [ms]
0.02,0,0.5543042,0.1221232,0.2882138,305.27,46.05001,319.35,0.02,0,0.6316726,0.07813042,0.2237995,286.52,284.83,316.93,0.02,0.3,0.02178532,0.2,0,0,0,0.05,500,0.3,0.025,0.2,0.2,0.025,0.3,0.025,-0.2,0.2,0.025,0,0,0,0,1,00,0.00,0
0.3533333,0,0.553974,0.122682,0.2891029,306.63,44.82,318.56,0.02,0,0.6351269,0.07701281,0.223139,282.1099,288.79,317.02,0.02,0.3,0.01522189,0.2,0,0,0,0.05,500,0.3,0.025,0.2,0.2,0.025,0.3,0.025,-0.2,0.2,0.025,0,0,0,0,1,,0.00,0
0.4631483,0,0.5433822,0.1206501,0.2837434,319.2,37.35001,318.05,0.02,0,0.633349,0.07434583,0.2184401,271.9799,291.6201,322.0099,0.02,0.3,0.01516217,0.2,0,0,0,0.05,500,0.3,0.025,0.2,0.2,0.025,0.3,0.025,-0.2,0.2,0.025,0,0,0,0,1,0.00,0.00,0
0.4985158,0,0.5386832,0.1187705,0.2822957,323.15,34.65,318.03,0.02,0,0.6265418,0.07467601,0.2149857,275.38,288.22,322.12,0.02,0.3,0.0151553,0.2,0,0,0,0.05,500,0.3,0.025,0.2,0.2,0.025,0.3,0.025,-0.2,0.2,0.025,0,0,0,0,1,00,0.00,0
0.521384,0,0.5361178,0.1174242,0.2806193,324.49,33.73001,318.76,0.02,0,0.6232906,0.07457441,0.2130807,277.4,286.39,322.19,0.02,0.3,0.01517078,0.2,0,0,0,0.05,500,0.3,0.025,0.2,0.2,0.025,0.3,0.025,-0.2,0.2,0.025,0,0,0,0,1,0.00,0.00,0
0.5777082,0,0.5192522,0.106934,0.2731262,327.15,30.17,323.88,0.02,0,0.6031992,0.073787,0.2078483,285.62,276.09,322.54,0.02,0.3,0.015202,0.2,0,0,0,0.05,500,0.3,0.025,0.2,0.2,0.025,0.3,0.025,-0.2,0.2,0.025,0,0,0,0,1,0.00,0.00,0
0.6091694,0,0.511683,0.1011174,0.26924,327.08,29.4,326.89,0.02,0,0.5894832,0.07233921,0.2042668,292.5,269.54,323.83,0.02,0.3,0.01519881,0.2,0,0,0,0.05,500,0.3,0.025,0.2,0.2,0.025,0.3,0.025,-0.2,0.2,0.025,0,0,0,0,1,0,0.00,0
0.6270961,0,0.5068824,0.09677404,0.2655571,326.12,29.82,329.28,0.02,0,0.57785,0.07053581,0.2034795,298.72,264.84,325.52,0.02,0.3,0.01519292,0.2,0,0,0,0.05,500,0.3,0.025,0.2,0.2,0.025,0.3,0.025,-0.2,0.2,0.025,0,0,0,0,1,,0.00,0
0.6393833,0,0.5046472,0.09387845,0.2630932,325.24,30.41,330.69,0.02,0,0.5709412,0.069215,0.2026921,302.65,262.44,326.71,0.02,0.3,0.01519024,0.2,0,0,0,0.05,500,0.3,0.025,0.2,0.2,0.025,0.3,0.025,-0.2,0.2,0.025,0,0,0,0,1,,0.00,0
0.6516065,0,0.5030724,0.09243062,0.2616454,324.51,30.89001,331.66,0.02,0,0.5664708,0.0683006,0.2023619,305.11,261.12,327.46,0.02,0.3,0.01518812,0.2,0,0,0,0.05,500,0.3,0.025,0.2,0.2,0.025,0.3,0.025,-0.2,0.2,0.025,0,0,0,0,1,00,0.00,0
0.6707564,0,0.5021834,0.09118602,0.2600706,323.77,31.49,332.6,0.02,0,0.5624576,0.06809743,0.2023619,307.33,259.91,328.23,0.02,0.3,0.01518601,0.2,0,0,0,0.05,500,0.3,0.025,0.2,0.2,0.025,0.3,0.025,-0.2,0.2,0.025,0,0,0,0,1,0.00,0.00,0
0.6831117,0,0.5004054,0.08829042,0.2558289,321.9,33.2,334.6,0.02,0,0.5542026,0.06764023,0.2018031,312.01,257.76,329.7,0.02,0.3,0.01518596,0.2,0,0,0,0.05,500,0.3,0.025,0.2,0.2,0.025,0.3,0.025,-0.2,0.2,0.025,0,0,0,0,1,0.00,0.00,0
0.6945947,0,0.4995164,0.08595362,0.2522728,320.19,35.07,336.23,0.02,0,0.5473954,0.06731001,0.2026921,315.13,256.27,330.38,0.02,0.3,0.01518643,0.2,0,0,0,0.05,500,0.3,0.025,0.2,0.2,0.025,0.3,0.025,-0.2,0.2,0.025,0,0,0,0,1,0.00,0.00,0
0.7031116,0,0.4995164,0.08595362,0.2522728,320.19,35.07,336.23,0.02,0,0.5473954,0.06731001,0.2026921,315.13,256.27,330.38,0.02,0.3,0.01518723,0.2,0,0,0,0.05,500,0.3,0.025,0.2,0.2,0.025,0.3,0.025,-0.2,0.2,0.025,0,0,0,0,1,0.00,0.00,0
0.7106325,0,0.4995164,0.08595362,0.2522728,320.19,35.07,336.23,0.02,0,0.5473954,0.06731001,0.2026921,315.13,256.27,330.38,0.02,0.3,0.01518723,0.2,0,0,0,0.05,500,0.3,0.025,0.2,0.2,0.025,0.3,0.025,-0.2,0.2,0.025,0,0,0,0,1,0.00,0.00,0
0.7209031,0,0.498602,0.08470903,0.2493519,318.8,37.07,337.68,0.02,0,0.5414772,0.06774181,0.2036065,317.66,254.99,330.75,0.02,0.3,0.01518819,0.2,0,0,0,0.05,500,0.3,0.025,0.2,0.2,0.025,0.3,0.025,-0.2,0.2,0.025,0,0,0,0,1,0.00,0.00,0
0.7305135,0,0.4982718,0.08427723,0.2485898,318.36,37.86,338.23,0.02,0,0.5393436,0.06797042,0.2041653,318.58,254.53,330.84,0.02,0.3,0.01518917,0.2,0,0,0,0.05,500,0.3,0.025,0.2,0.2,0.025,0.3,0.025,-0.2,0.2,0.025,0,0,0,0,1,0.00,0.00,0
0.7419659,0,0.4974844,0.08371842,0.2473453,317.94,39,339.02,0.02,0,0.5357876,0.0683006,0.2048257,319.99,253.87,331.02,0.02,0.3,0.01519003,0.2,0,0,0,0.05,500,0.3,0.025,0.2,0.2,0.025,0.3,0.025,-0.2,0.2,0.025,0,0,0,0,1,0.00,0.00,0
0.7519831,0,0.4970526,0.08361682,0.2465833,317.81,39.74999,339.54,0.02,0,0.533654,0.06885943,0.2052829,320.89,253.48,331.15,0.02,0.3,0.01519069,0.2,0,0,0,0.05,500,0.3,0.025,0.2,0.2,0.025,0.3,0.025,-0.2,0.2,0.025,0,0,0,0,1,0.00,0.00,0
0.7624063,0,0.4967224,0.08338821,0.2458974,317.81,40.39,339.98,0.02,0,0.5317744,0.0689864,0.2057147,321.75,253.15,331.26,0.02,0.3,0.01519112,0.2,0,0,0,0.05,500,0.3,0.025,0.2,0.2,0.025,0.3,0.025,-0.2,0.2,0.025,0,0,0,0,1,0.00,0.00,0
0.7734116,0,0.4958334,0.08282942,0.2454657,317.92,41.24,340.53,0.02,0,0.5288534,0.06931663,0.206375,322.84,252.75,331.39,0.02,0.3,0.01519132,0.2,0,0,0,0.05,500,0.3,0.025,0.2,0.2,0.025,0.3,0.025,-0.2,0.2,0.025,0,0,0,0,1,0.00,0.00,0
0.7830124,0,0.4952746,0.0827024,0.2452371,318.05,41.77,340.86,0.02,0,0.527177,0.06964681,0.2066036,323.53,252.58,331.5,0.02,0.3,0.01519131,0.2,0,0,0,0.05,500,0.3,0.025,0.2,0.2,0.025,0.3,0.025,-0.2,0.2,0.025,0,0,0,0,1,0.00,0.00,0
0.7935228,0,0.4943602,0.0823722,0.24511,318.32,42.46999,341.19,0.02,0,0.5248402,0.06987542,0.2072894,324.18,252.4,331.57,0.02,0.3,0.01519114,0.2,0,0,0,0.05,500,0.3,0.025,0.2,0.2,0.025,0.3,0.025,-0.2,0.2,0.025,0,0,0,0,1,0.00,0.00,0
0.8038183,0,0.4936998,0.08181342,0.2450085,318.49,42.92999,341.28,0.02,0,0.5231638,0.06987542,0.2078482,324.45,252.36,331.57,0.02,0.3,0.01519087,0.2,0,0,0,0.05,500,0.3,0.025,0.2,0.2,0.025,0.3,0.025,-0.2,0.2,0.025,0,0,0,0,1,0.00,0.00,0
0.8237654,0,0.4917948,0.08171183,0.2449069,318.67,44.06,341.54,0.02,0,0.5197094,0.07053581,0.2089659,324.71,252.4,331.61,0.02,0.3,0.01519023,0.2,0,0,0,0.05,500,0.3,0.025,0.2,0.2,0.025,0.3,0.025,-0.2,0.2,0.025,0,0,0,0,1,0.00,0.00,0
0.8427319,0,0.4901184,0.0817118,0.2436623,318.6,45.26,341.72,0.02,0,0.5164582,0.0713232,0.209169,324.73,252.53,331.57,0.02,0.3,0.01518996,0.2,0,0,0,0.05,500,0.3,0.025,0.2,0.2,0.025,0.3,0.025,-0.2,0.2,0.025,0,0,0,0,1,0,0.00,0
0.8521782,0,0.489458,0.0821436,0.2432305,318.45,45.75,341.87,0.02,0,0.515239,0.07198361,0.209296,324.76,252.58,331.61,0.02,0.3,0.01518975,0.2,0,0,0,0.05,500,0.3,0.025,0.2,0.2,0.025,0.3,0.025,-0.2,0.2,0.025,0,0,0,0,1,,0.00,0
0.8758668,0,0.4868926,0.0826008,0.2410969,317.79,47.43999,342.36,0.02,0,0.5105654,0.07355842,0.2092961,325.13,252.51,331.74,0.02,0.3,0.01518956,0.2,0,0,0,0.05,500,0.3,0.025,0.2,0.2,0.025,0.3,0.025,-0.2,0.2,0.025,0,0,0,0,1,00,0.00,0
0.8874805,0,0.485775,0.08282942,0.2403095,317.48,48.07999,342.66,0.02,0,0.5083302,0.07421879,0.209169,325.44,252.38,331.85,0.02,0.3,0.01518958,0.2,0,0,0,0.05,500,0.3,0.025,0.2,0.2,0.025,0.3,0.025,-0.2,0.2,0.025,0,0,0,0,1,00,0.00,0
0.8996783,0,0.484886,0.0826008,0.2397507,317.29,48.47001,342.8,0.02,0,0.5068824,0.07434583,0.2090674,325.68,252.29,331.94,0.02,0.3,0.01518964,0.2,0,0,0,0.05,500,0.3,0.025,0.2,0.2,0.025,0.3,0.025,-0.2,0.2,0.025,0,0,0,0,1,0,0.00,0
0.9095139,0,0.4837684,0.08249921,0.2391919,317.07,48.8,342.97,0.02,0,0.505206,0.07444742,0.2090674,325.9,252.18,332.05,0.02,0.3,0.01518973,0.2,0,0,0,0.05,500,0.3,0.025,0.2,0.2,0.025,0.3,0.025,-0.2,0.2,0.025,0,0,0,0,1,,0.00,0
0.9212435,0,0.4821936,0.08237223,0.2382013,316.82,49.2,343.21,0.02,0,0.5028438,0.07457441,0.2088389,326.21,252.05,332.25,0.02,0.3,0.01518983,0.2,0,0,0,0.05,500,0.3,0.025,0.2,0.2,0.025,0.3,0.025,-0.2,0.2,0.025,0,0,0,0,1,,0.00,0
0.9293102,0,0.4807458,0.0823722,0.2376425,316.6,49.34999,343.37,0.02,0,0.5011674,0.07467601,0.2086103,326.34,251.98,332.38,0.02,0.3,0.01518994,0.2,0,0,0,0.05,500,0.3,0.025,0.2,0.2,0.025,0.3,0.025,-0.2,0.2,0.025,0,0,0,0,1,,0.00,0
0.9375438,0,0.4787392,0.08249921,0.2367535,316.38,49.55,343.56,0.02,0,0.498602,0.07490462,0.2081784,326.45,251.96,332.67,0.02,0.3,0.01519002,0.2,0,0,0,0.05,500,0.3,0.025,0.2,0.2,0.025,0.3,0.025,-0.2,0.2,0.025,0,0,0,0,1,,0.00,0
0.9470514,0,0.4772914,0.0826008,0.2362963,316.23,49.60999,343.7,0.02,0,0.4969256,0.07533643,0.2079499,326.43,251.96,332.89,0.02,0.3,0.01519009,0.2,0,0,0,0.05,500,0.3,0.025,0.2,0.2,0.025,0.3,0.025,-0.2,0.2,0.025,0,0,0,0,1,,0.00,0
0.9574189,0,0.4757166,0.08282942,0.2357375,316.1,49.66,343.81,0.02,0,0.4952746,0.0754634,0.2076197,326.36,252.03,333.06,0.02,0.3,0.01519013,0.2,0,0,0,0.05,500,0.3,0.025,0.2,0.2,0.025,0.3,0.025,-0.2,0.2,0.025,0,0,0,0,1,,0.00,0
0.9771014,0,0.4736084,0.08338821,0.2345183,316.03,49.75,344,0.02,0,0.4930394,0.07602221,0.2065021,326.27,252.2,333.41,0.02,0.3,0.01519014,0.2,0,0,0,0.05,500,0.3,0.025,0.2,0.2,0.025,0.3,0.025,-0.2,0.2,0.025,0,0,0,0,1,0.00,0.00,0
0.9941181,0,0.4699254,0.08371842,0.2326133,315.99,49.92001,344.25,0.02,0,0.4891278,0.07635243,0.2047241,325.99,252.66,333.94,0.02,0.3,0.01519012,0.2,0,0,0,0.05,500,0.3,0.025,0.2,0.2,0.025,0.3,0.025,-0.2,0.2,0.025,0,0,0,0,1,.00,0.00,0
1.006647,0,0.4670298,0.0840486,0.2306067,316.16,50.16,344.51,0.02,0,0.4860036,0.0763524,0.2028191,325.88,253.12,334.34,0.02,0.3,0.01519009,0.2,0,0,0,0.05,500,0.3,0.025,0.2,0.2,0.025,0.3,0.025,-0.2,0.2,0.025,0,0,0,0,1,00,0.00,0
1.018486,0,0.464566,0.083947,0.2293875,316.23,50.34001,344.66,0.02,0,0.4835398,0.07602221,0.2015999,325.79,253.48,334.58,0.02,0.3,0.01519005,0.2,0,0,0,0.05,500,0.3,0.025,0.2,0.2,0.025,0.3,0.025,-0.2,0.2,0.025,0,0,0,0,1,0,0.00,0
1.027332,0,0.4630166,0.0840486,0.2284985,316.32,50.45001,344.79,0.02,0,0.4818634,0.07589522,0.2008125,325.77,253.72,334.73,0.02,0.3,0.01519002,0.2,0,0,0,0.05,500,0.3,0.025,0.2,0.2,0.025,0.3,0.025,-0.2,0.2,0.025,0,0,0,0,1,0.00,0.00,0
1.040546,0,0.4604258,0.08437881,0.2274825,316.38,50.59999,345.04,0.02,0,0.479298,0.07602221,0.1996948,325.7,254,335.02,0.02,0.3,0.01518999,0.2,0,0,0,0.05,500,0.3,0.025,0.2,0.2,0.025,0.3,0.025,-0.2,0.2,0.025,0,0,0,0,1,,0.00,0
1.051884,0,0.4587748,0.08437881,0.2268221,316.41,50.70999,345.12,0.02,0,0.4776216,0.07602221,0.1990091,325.66,254.18,335.13,0.02,0.3,0.01518997,0.2,0,0,0,0.05,500,0.3,0.025,0.2,0.2,0.025,0.3,0.025,-0.2,0.2,0.025,0,0,0,0,1,00,0.00,0
1.06314,0,0.4569714,0.08470903,0.2262633,316.41,50.78,345.28,0.02,0,0.4749546,0.0763524,0.198247,325.57,254.36,335.37,0.02,0.3,0.01518996,0.2,0,0,0,0.05,500,0.3,0.025,0.2,0.2,0.025,0.3,0.025,-0.2,0.2,0.025,0,0,0,0,1,00,0.00,0
1.073519,0,0.454406,0.08526781,0.2255774,316.38,50.89,345.45,0.02,0,0.4731512,0.07668263,0.1976883,325.5,254.44,335.5,0.02,0.3,0.01518995,0.2,0,0,0,0.05,500,0.3,0.025,0.2,0.2,0.025,0.3,0.025,-0.2,0.2,0.025,0,0,0,0,1,00,0.00,0
1.081769,0,0.452628,0.08572501,0.2251457,316.36,50.93,345.56,0.02,0,0.4715002,0.07701281,0.1972311,325.44,254.49,335.65,0.02,0.3,0.01518996,0.2,0,0,0,0.05,500,0.3,0.025,0.2,0.2,0.025,0.3,0.025,-0.2,0.2,0.025,0,0,0,0,1,00,0.00,0
1.090124,0,0.449834,0.08628383,0.2246885,316.25,50.95,345.7,0.02,0,0.4687062,0.07769862,0.1967993,325.26,254.49,335.83,0.02,0.3,0.01518996,0.2,0,0,0,0.05,500,0.3,0.025,0.2,0.2,0.025,0.3,0.025,-0.2,0.2,0.025,0,0,0,0,1,00,0.00,0
1.100311,0,0.447929,0.086741,0.2243583,316.19,50.95001,345.78,0.02,0,0.4669028,0.07813042,0.1965707,325.15,254.47,335.94,0.02,0.3,0.01518997,0.2,0,0,0,0.05,500,0.3,0.025,0.2,0.2,0.025,0.3,0.025,-0.2,0.2,0.025,0,0,0,0,1,00,0.00,0
1.109718,0,0.447929,0.086741,0.2243583,316.19,50.95001,345.78,0.02,0,0.4669028,0.07813042,0.1965707,325.15,254.47,335.94,0.02,0.3,0.01518997,0.2,0,0,0,0.05,500,0.3,0.025,0.2,0.2,0.025,0.3,0.025,-0.2,0.2,0.025,0,0,0,0,1,00,0.00,0
1.129207,0,0.4431284,0.08729982,0.223901,315.94,50.76,345.94,0.02,0,0.4621022,0.07891783,0.1961135,324.82,254.22,336.18,0.02,0.3,0.01519,0.2,0,0,0,0.05,500,0.3,0.025,0.2,0.2,0.025,0.3,0.025,-0.2,0.2,0.025,0,0,0,0,1,00,0.00,0
1.138139,0,0.4382262,0.0878332,0.223139,315.7,50.35999,346.16,0.02,0,0.4574286,0.0798068,0.1955546,324.54,253.81,336.49,0.02,0.3,0.01519001,0.2,0,0,0,0.05,500,0.3,0.025,0.2,0.2,0.025,0.3,0.025,-0.2,0.2,0.025,0,0,0,0,1,0,0.00,0
1.146624,0,0.4362196,0.08818883,0.223012,315.55,50.16,346.27,0.02,0,0.4555236,0.08013703,0.195453,324.4,253.59,336.62,0.02,0.3,0.01519001,0.2,0,0,0,0.05,500,0.3,0.025,0.2,0.2,0.025,0.3,0.025,-0.2,0.2,0.025,0,0,0,0,1,0,0.00,0
1.15556,0,0.434213,0.08851901,0.2226819,315.46,49.97,346.42,0.02,0,0.4527296,0.08069581,0.1952244,324.27,253.32,336.88,0.02,0.3,0.01519002,0.2,0,0,0,0.05,500,0.3,0.025,0.2,0.2,0.025,0.3,0.025,-0.2,0.2,0.025,0,0,0,0,1,0,0.00,0
1.165292,0,0.434213,0.08851901,0.2226819,315.46,49.97,346.42,0.02,0,0.4527296,0.08069581,0.1952244,324.27,253.32,336.88,0.02,0.3,0.01519002,0.2,0,0,0,0.05,500,0.3,0.025,0.2,0.2,0.025,0.3,0.025,-0.2,0.2,0.025,0,0,0,0,1,0,0.00,0
1.176094,0,0.4291838,0.0891794,0.2224533,315.2,49.48,346.82,0.02,0,0.448818,0.08138162,0.1952245,324.1,252.95,337.24,0.02,0.3,0.01519002,0.2,0,0,0,0.05,500,0.3,0.025,0.2,0.2,0.025,0.3,0.025,-0.2,0.2,0.025,0,0,0,0,1,0,0.00,0
1.186835,0,0.4262882,0.089408,0.2222501,315.22,49.24,347.1,0.02,0,0.4458208,0.0817118,0.1949959,324.14,252.75,337.54,0.02,0.3,0.01519002,0.2,0,0,0,0.05,500,0.3,0.025,0.2,0.2,0.025,0.3,0.025,-0.2,0.2,0.025,0,0,0,0,1,0,0.00,0
1.197084,0,0.4242816,0.08950961,0.2221231,315.26,49.13,347.3,0.02,0,0.4438142,0.08194043,0.1948943,324.23,252.66,337.76,0.02,0.3,0.01519001,0.2,0,0,0,0.05,500,0.3,0.025,0.2,0.2,0.025,0.3,0.025,-0.2,0.2,0.025,0,0,0,0,1,0,0.00,0
1.207167,0,0.4220464,0.08940803,0.2224533,315.29,49.02,347.48,0.02,0,0.440563,0.0819404,0.1952244,324.32,252.53,338.05,0.02,0.3,0.01519001,0.2,0,0,0,0.05,500,0.3,0.025,0.2,0.2,0.025,0.3,0.025,-0.2,0.2,0.025,0,0,0,0,1,0,0.00,0
1.217581,0,0.4190238,0.0893064,0.2225802,315.46,48.87001,347.72,0.02,0,0.4384548,0.0818134,0.1953261,324.49,252.47,338.25,0.02,0.3,0.01519001,0.2,0,0,0,0.05,500,0.3,0.025,0.2,0.2,0.025,0.3,0.025,-0.2,0.2,0.025,0,0,0,0,1,0,0.00,0
1.228081,0,0.416687,0.0890778,0.2229105,315.57,48.76,347.89,0.02,0,0.4360926,0.0817118,0.1955547,324.67,252.36,338.47,0.02,0.3,0.01519,0.2,0,0,0,0.05,500,0.3,0.025,0.2,0.2,0.025,0.3,0.025,-0.2,0.2,0.025,0,0,0,0,1,0,0.00,0
1.238224,0,0.4134358,0.08862063,0.2234693,315.75,48.54,348.11,0.02,0,0.4327652,0.08138162,0.1960119,324.91,252.18,338.77,0.02,0.3,0.01519,0.2,0,0,0,0.05,500,0.3,0.025,0.2,0.2,0.025,0.3,0.025,-0.2,0.2,0.025,0,0,0,0,1,0,0.00,0
1.248866,0,0.4112006,0.08839202,0.2236979,315.9,48.36,348.31,0.02,0,0.43053,0.0812546,0.1963421,325.11,252.03,338.99,0.02,0.3,0.01519,0.2,0,0,0,0.05,500,0.3,0.025,0.2,0.2,0.025,0.3,0.025,-0.2,0.2,0.025,0,0,0,0,1,0,0.00,0
1.259032,0,0.4089908,0.08796023,0.2240281,316.05,48.14,348.44,0.02,0,0.4283964,0.08092442,0.1965707,325.31,251.83,339.19,0.02,0.3,0.01518999,0.2,0,0,0,0.05,500,0.3,0.025,0.2,0.2,0.025,0.3,0.025,-0.2,0.2,0.025,0,0,0,0,1,0,0.00,0
1.270328,0,0.405511,0.08740142,0.2246885,316.14,47.77,348.71,0.02,0,0.4248404,0.08046722,0.1972311,325.5,251.48,339.52,0.02,0.3,0.01518999,0.2,0,0,0,0.05,500,0.3,0.025,0.2,0.2,0.025,0.3,0.025,-0.2,0.2,0.025,0,0,0,0,1,0,0.00,0
1.287691,0,0.4034028,0.0870712,0.2250187,316.27,47.47999,348.88,0.02,0,0.4227068,0.080264,0.1975613,325.63,251.24,339.74,0.02,0.3,0.01519,0.2,0,0,0,0.05,500,0.3,0.025,0.2,0.2,0.025,0.3,0.025,-0.2,0.2,0.025,0,0,0,0,1,0,0.00,0
1.295692,0,0.3977132,0.0856234,0.2264919,316.41,46.71,349.34,0.02,0,0.4171188,0.07924803,0.1989074,325.9,250.53,340.31,0.02,0.3,0.01519,0.2,0,0,0,0.05,500,0.3,0.025,0.2,0.2,0.025,0.3,0.025,-0.2,0.2,0.025,0,0,0,0,1,0,0.00,0
1.303956,0,0.3977132,0.0856234,0.2264919,316.41,46.71,349.34,0.02,0,0.4171188,0.07924803,0.1989074,325.9,250.53,340.31,0.02,0.3,0.01519,0.2,0,0,0,0.05,500,0.3,0.025,0.2,0.2,0.025,0.3,0.025,-0.2,0.2,0.025,0,0,0,0,1,0,0.00,0
1.31372,0,0.3955796,0.08483601,0.2269237,316.49,46.41,349.5,0.02,0,0.4151122,0.07868923,0.1993647,326.05,250.27,340.53,0.02,0.3,0.01519,0.2,0,0,0,0.05,500,0.3,0.025,0.2,0.2,0.025,0.3,0.025,-0.2,0.2,0.025,0,0,0,0,1,0,0.00,0
1.324225,0,0.3924554,0.08361682,0.2277111,316.6,45.9,349.72,0.02,0,0.4118864,0.07769862,0.2002537,326.25,249.81,340.82,0.02,0.3,0.01519,0.2,0,0,0,0.05,500,0.3,0.025,0.2,0.2,0.025,0.3,0.025,-0.2,0.2,0.025,0,0,0,0,1,0,0.00,0
1.335106,0,0.3876548,0.08138162,0.2291589,316.78,45.04,350.07,0.02,0,0.4070858,0.07602221,0.2015999,326.6,249.04,341.28,0.02,0.3,0.01519,0.2,0,0,0,0.05,500,0.3,0.025,0.2,0.2,0.025,0.3,0.025,-0.2,0.2,0.025,0,0,0,0,1,0,0.00,0
1.344181,0,0.3876548,0.08138162,0.2291589,316.78,45.04,350.07,0.02,0,0.4070858,0.07602221,0.2015999,326.6,249.04,341.28,0.02,0.3,0.01519,0.2,0,0,0,0.05,500,0.3,0.025,0.2,0.2,0.025,0.3,0.025,-0.2,0.2,0.025,0,0,0,0,1,0,0.00,0
1.355644,0,0.3839718,0.07937503,0.230378,316.87,44.32,350.27,0.02,0,0.4026154,0.07411723,0.2031493,326.89,248.23,341.65,0.02,0.3,0.01519,0.2,0,0,0,0.05,500,0.3,0.025,0.2,0.2,0.025,0.3,0.025,-0.2,0.2,0.025,0,0,0,0,1,0,0.00,0
1.365305,0,0.3839718,0.07937503,0.230378,316.87,44.32,350.27,0.02,0,0.4026154,0.07411723,0.2031493,326.89,248.23,341.65,0.02,0.3,0.01519,0.2,0,0,0,0.05,500,0.3,0.025,0.2,0.2,0.025,0.3,0.025,-0.2,0.2,0.025,0,0,0,0,1,0,0.00,0
1.376206,0,0.3796284,0.07678422,0.2320544,316.85,43.46,350.46,0.02,0,0.3992626,0.0724408,0.2044955,327.04,247.57,341.92,0.02,0.3,0.01519,0.2,0,0,0,0.05,500,0.3,0.025,0.2,0.2,0.025,0.3,0.025,-0.2,0.2,0.025,0,0,0,0,1,0,0.00,0
1.386541,0,0.3771646,0.0752348,0.2329434,316.82,43,350.57,0.02,0,0.3969258,0.0710946,0.2054861,327.13,247.13,342.14,0.02,0.3,0.01519,0.2,0,0,0,0.05,500,0.3,0.025,0.2,0.2,0.025,0.3,0.025,-0.2,0.2,0.025,0,0,0,0,1,0,0.00,0
1.397194,0,0.3756152,0.07411723,0.2336293,316.82,42.66999,350.64,0.02,0,0.3952494,0.07020563,0.2060449,327.15,246.82,342.27,0.02,0.3,0.01519,0.2,0,0,0,0.05,500,0.3,0.025,0.2,0.2,0.025,0.3,0.025,-0.2,0.2,0.025,0,0,0,0,1,0,0.00,0
1.407481,0,0.3738118,0.07310122,0.2344166,316.71,42.39001,350.71,0.02,0,0.3929126,0.06898643,0.2070609,327.13,246.45,342.49,0.02,0.3,0.01519,0.2,0,0,0,0.05,500,0.3,0.025,0.2,0.2,0.025,0.3,0.025,-0.2,0.2,0.025,0,0,0,0,1,0,0.00,0
1.417382,0,0.3718052,0.07165343,0.2350771,316.69,41.99,350.82,0.02,0,0.391668,0.0680974,0.2076197,327.17,246.2,342.62,0.02,0.3,0.01519,0.2,0,0,0,0.05,500,0.3,0.025,0.2,0.2,0.025,0.3,0.025,-0.2,0.2,0.025,0,0,0,0,1,0,0.00,0
1.428,0,0.3702558,0.07066283,0.2355089,316.6,41.75,350.9,0.02,0,0.3902202,0.06720842,0.2081785,327.13,245.98,342.75,0.02,0.3,0.01519,0.2,0,0,0,0.05,500,0.3,0.025,0.2,0.2,0.025,0.3,0.025,-0.2,0.2,0.025,0,0,0,0,1,0,0.00,0
1.446367,0,0.3680206,0.06931663,0.2364232,316.38,41.34999,351.01,0.02,0,0.388112,0.0659638,0.2090674,327.02,245.65,342.97,0.02,0.3,0.01519,0.2,0,0,0,0.05,500,0.3,0.025,0.2,0.2,0.025,0.3,0.025,-0.2,0.2,0.025,0,0,0,0,1,0.00,0.00,0
1.465333,0,0.3634486,0.06642103,0.2376425,315.88,40.54001,351.28,0.02,0,0.3838702,0.06339842,0.2105152,326.65,244.95,343.45,0.02,0.3,0.01519,0.2,0,0,0,0.05,500,0.3,0.025,0.2,0.2,0.025,0.3,0.025,-0.2,0.2,0.025,0,0,0,0,1,0.00,0.00,0
1.477012,0,0.362331,0.06563362,0.2376425,315.73,40.34001,351.36,0.02,0,0.3829812,0.062738,0.2106169,326.51,244.78,343.61,0.02,0.3,0.01519,0.2,0,0,0,0.05,500,0.3,0.025,0.2,0.2,0.025,0.3,0.025,-0.2,0.2,0.025,0,0,0,0,1,0.00,0.00,0
1.489701,0,0.3606546,0.0644144,0.237744,315.37,39.99,351.47,0.02,0,0.3815334,0.06162043,0.2108454,326.23,244.47,343.83,0.02,0.3,0.01519,0.2,0,0,0,0.05,500,0.3,0.025,0.2,0.2,0.025,0.3,0.025,-0.2,0.2,0.025,0,0,0,0,1,.00,0.00,0
1.501973,0,0.359537,0.06362703,0.2379727,315.04,39.73,351.56,0.02,0,0.380619,0.06106161,0.2110741,325.9,244.27,343.96,0.02,0.3,0.01519,0.2,0,0,0,0.05,500,0.3,0.025,0.2,0.2,0.025,0.3,0.025,-0.2,0.2,0.025,0,0,0,0,1,00,0.00,0
1.513888,0,0.358521,0.06273803,0.2379727,314.67,39.48,351.67,0.02,0,0.3792982,0.06004563,0.2111757,325.39,243.96,344.18,0.02,0.3,0.01519,0.2,0,0,0,0.05,500,0.3,0.025,0.2,0.2,0.025,0.3,0.025,-0.2,0.2,0.025,0,0,0,0,1,0,0.00,0
1.524164,0,0.3568446,0.06139183,0.237744,314.08,39.09,351.85,0.02,0,0.3783838,0.05938523,0.2113027,325.02,243.72,344.31,0.02,0.3,0.01519,0.2,0,0,0,0.05,500,0.3,0.025,0.2,0.2,0.025,0.3,0.025,-0.2,0.2,0.025,0,0,0,0,1,,0.00,0
1.535641,0,0.353949,0.05925822,0.2371853,312.85,38.34,352.2,0.02,0,0.3763772,0.0576072,0.2111757,323.88,243.08,344.64,0.02,0.3,0.01519,0.2,0,0,0,0.05,500,0.3,0.025,0.2,0.2,0.025,0.3,0.025,-0.2,0.2,0.025,0,0,0,0,1,0.00,0.00,0
1.546577,0,0.3527298,0.0583692,0.2369821,312.32,38.06,352.38,0.02,0,0.3754882,0.05692142,0.2110741,323.39,242.84,344.79,0.02,0.3,0.01519,0.2,0,0,0,0.05,500,0.3,0.025,0.2,0.2,0.025,0.3,0.025,-0.2,0.2,0.025,0,0,0,0,1,0.00,0.00,0
1.555114,0,0.3527298,0.0583692,0.2369821,312.32,38.06,352.38,0.02,0,0.3754882,0.05692142,0.2110741,323.39,242.84,344.79,0.02,0.3,0.01519,0.2,0,0,0,0.05,500,0.3,0.025,0.2,0.2,0.025,0.3,0.025,-0.2,0.2,0.025,0,0,0,0,1,0.00,0.00,0
1.562815,0,0.3516122,0.0574802,0.2366265,311.81,37.75,352.55,0.02,0,0.3743706,0.05580381,0.2108454,322.67,242.49,344.99,0.02,0.3,0.01519,0.2,0,0,0,0.05,500,0.3,0.025,0.2,0.2,0.025,0.3,0.025,-0.2,0.2,0.025,0,0,0,0,1,0.00,0.00,0
1.573064,0,0.3499358,0.056261,0.2361946,311.04,37.33,352.86,0.02,0,0.3735832,0.055245,0.2107439,322.19,242.31,345.15,0.02,0.3,0.01519,0.2,0,0,0,0.05,500,0.3,0.025,0.2,0.2,0.025,0.3,0.025,-0.2,0.2,0.025,0,0,0,0,1,0.00,0.00,0
1.582763,0,0.3488182,0.05547363,0.235966,310.58,37.09,353.08,0.02,0,0.3728212,0.05458462,0.2105152,321.72,242.16,345.3,0.02,0.3,0.01519,0.2,0,0,0,0.05,500,0.3,0.025,0.2,0.2,0.025,0.3,0.025,-0.2,0.2,0.025,0,0,0,0,1,0.00,0.00,0
1.602077,0,0.3472434,0.05448303,0.2355088,309.99,36.76,353.41,0.02,0,0.3718052,0.0536956,0.2101851,321.09,242.03,345.54,0.02,0.3,0.01519,0.2,0,0,0,0.05,500,0.3,0.025,0.2,0.2,0.025,0.3,0.025,-0.2,0.2,0.025,0,0,0,0,1,0.00,0.00,0
1.610613,0,0.3472434,0.05448303,0.2355088,309.99,36.76,353.41,0.02,0,0.3718052,0.0536956,0.2101851,321.09,242.03,345.54,0.02,0.3,0.01519,0.2,0,0,0,0.05,500,0.3,0.025,0.2,0.2,0.025,0.3,0.025,-0.2,0.2,0.025,0,0,0,0,1,0.00,0.00,0
1.61897,0,0.3435604,0.0523494,0.2342897,309.18,36.12,354.2,0.02,0,0.369697,0.05179062,0.2089659,319.72,242.12,346.09,0.02,0.3,0.01519,0.2,0,0,0,0.05,500,0.3,0.025,0.2,0.2,0.025,0.3,0.025,-0.2,0.2,0.025,0,0,0,0,1,0.00,0.00,0
1.627592,0,0.3425698,0.05179062,0.2339595,309.07,35.97001,354.42,0.02,0,0.3692398,0.0513334,0.2085086,319.35,242.23,346.25,0.02,0.3,0.01519,0.2,0,0,0,0.05,500,0.3,0.025,0.2,0.2,0.025,0.3,0.025,-0.2,0.2,0.025,0,0,0,0,1,0.00,0.00,0
1.639039,0,0.340995,0.05100322,0.2334007,308.98,35.77,354.75,0.02,0,0.3685794,0.05067301,0.2077213,318.78,242.42,346.49,0.02,0.3,0.01519,0.2,0,0,0,0.05,500,0.3,0.025,0.2,0.2,0.025,0.3,0.025,-0.2,0.2,0.025,0,0,0,0,1,0.00,0.00,0
1.648059,0,0.3398774,0.05057143,0.2330704,308.91,35.64,354.97,0.02,0,0.3681222,0.0502412,0.2072895,318.38,242.56,346.66,0.02,0.3,0.01519,0.2,0,0,0,0.05,500,0.3,0.025,0.2,0.2,0.025,0.3,0.025,-0.2,0.2,0.025,0,0,0,0,1,0.00,0.00,0
1.65966,0,0.3387598,0.05011423,0.2328418,308.89,35.49001,355.17,0.02,0,0.3674618,0.04968242,0.2065021,317.88,242.71,346.93,0.02,0.3,0.01519,0.2,0,0,0,0.05,500,0.3,0.025,0.2,0.2,0.025,0.3,0.025,-0.2,0.2,0.025,0,0,0,0,1,0.00,0.00,0
1.670653,0,0.337439,0.04945382,0.2322831,308.89,35.31001,355.5,0.02,0,0.3670046,0.04932681,0.2059433,317.57,242.82,347.12,0.02,0.3,0.01519,0.2,0,0,0,0.05,500,0.3,0.025,0.2,0.2,0.025,0.3,0.025,-0.2,0.2,0.025,0,0,0,0,1,0.00,0.00,0
1.680221,0,0.336423,0.04912363,0.2320544,308.87,35.22001,355.69,0.02,0,0.3665728,0.04899663,0.2056131,317.26,242.89,347.32,0.02,0.3,0.01519,0.2,0,0,0,0.05,500,0.3,0.025,0.2,0.2,0.025,0.3,0.025,-0.2,0.2,0.025,0,0,0,0,1,0.00,0.00,0
1.691449,0,0.3350768,0.0486664,0.2317243,308.85,35.05,355.96,0.02,0,0.3656584,0.0484378,0.2050543,316.93,242.93,347.63,0.02,0.3,0.01519,0.2,0,0,0,0.05,500,0.3,0.025,0.2,0.2,0.025,0.3,0.025,-0.2,0.2,0.025,0,0,0,0,1,0.00,0.00,0
1.701283,0,0.3340862,0.04833621,0.2314956,308.83,34.94,356.11,0.02,0,0.365125,0.04820922,0.2047241,316.8,242.93,347.87,0.02,0.3,0.01519,0.2,0,0,0,0.05,500,0.3,0.025,0.2,0.2,0.025,0.3,0.025,-0.2,0.2,0.025,0,0,0,0,1,0.00,0.00,0
1.711055,0,0.3340862,0.04833621,0.2314956,308.83,34.94,356.11,0.02,0,0.365125,0.04820922,0.2047241,316.8,242.93,347.87,0.02,0.3,0.01519,0.2,0,0,0,0.05,500,0.3,0.025,0.2,0.2,0.025,0.3,0.025,-0.2,0.2,0.025,0,0,0,0,1,0.00,0.00,0
1.721883,0,0.3319526,0.04787903,0.2311654,308.74,34.67,356.46,0.02,0,0.3634486,0.0474472,0.2041653,316.58,242.8,348.46,0.02,0.3,0.01519,0.2,0,0,0,0.05,500,0.3,0.025,0.2,0.2,0.025,0.3,0.025,-0.2,0.2,0.025,0,0,0,0,1,0.00,0.00,0
1.731835,0,0.3311906,0.04765043,0.2310639,308.72,34.54,356.59,0.02,0,0.3626612,0.04721862,0.2040382,316.52,242.71,348.71,0.02,0.3,0.01519,0.2,0,0,0,0.05,500,0.3,0.025,0.2,0.2,0.025,0.3,0.025,-0.2,0.2,0.025,0,0,0,0,1,0.00,0.00,0
1.742962,0,0.3298444,0.0474472,0.2309369,308.61,34.37,356.77,0.02,0,0.3615436,0.04688843,0.2039367,316.45,242.56,349.1,0.02,0.3,0.01519,0.2,0,0,0,0.05,500,0.3,0.025,0.2,0.2,0.025,0.3,0.025,-0.2,0.2,0.025,0,0,0,0,1,0.00,0.00,0
1.761065,0,0.329057,0.04721862,0.2308352,308.56,34.23,356.86,0.02,0,0.3607562,0.04665983,0.2038097,316.38,242.47,349.32,0.02,0.3,0.01519,0.2,0,0,0,0.05,500,0.3,0.025,0.2,0.2,0.025,0.3,0.025,-0.2,0.2,0.025,0,0,0,0,1,0.00,0.00,0
1.770255,0,0.3269488,0.0466598,0.2306067,308.34,33.84,357.06,0.02,0,0.3590798,0.0462026,0.2036065,316.08,242.25,349.83,0.02,0.3,0.01519,0.2,0,0,0,0.05,500,0.3,0.025,0.2,0.2,0.025,0.3,0.025,-0.2,0.2,0.025,0,0,0,0,1,0.00,0.00,0
1.778686,0,0.3261614,0.0464312,0.230378,308.28,33.66,357.1,0.02,0,0.358521,0.04599941,0.2032509,315.92,242.18,349.98,0.02,0.3,0.01519,0.2,0,0,0,0.05,500,0.3,0.025,0.2,0.2,0.025,0.3,0.025,-0.2,0.2,0.025,0,0,0,0,1,0.00,0.00,0
1.786963,0,0.3261614,0.0464312,0.230378,308.28,33.66,357.1,0.02,0,0.358521,0.04599941,0.2032509,315.92,242.18,349.98,0.02,0.3,0.01519,0.2,0,0,0,0.05,500,0.3,0.025,0.2,0.2,0.025,0.3,0.025,-0.2,0.2,0.025,0,0,0,0,1,0.00,0.00,0
1.797601,0,0.3242564,0.04577082,0.2298193,307.99,33.2,357.25,0.02,0,0.357632,0.04554221,0.2026921,315.18,242.12,350.22,0.02,0.3,0.01519,0.2,0,0,0,0.05,500,0.3,0.025,0.2,0.2,0.025,0.3,0.025,-0.2,0.2,0.025,0,0,0,0,1,0.00,0.00,0
1.808019,0,0.323596,0.0455422,0.2296161,307.86,32.98,357.3,0.02,0,0.3573018,0.0453136,0.2022603,314.63,242.14,350.27,0.02,0.3,0.01519,0.2,0,0,0,0.05,500,0.3,0.025,0.2,0.2,0.025,0.3,0.025,-0.2,0.2,0.025,0,0,0,0,1,0.00,0.00,0
1.818945,0,0.32258,0.045212,0.2290573,307.68,32.7,357.39,0.02,0,0.3572002,0.045212,0.20193,314.19,242.18,350.29,0.02,0.3,0.01519,0.2,0,0,0,0.05,500,0.3,0.025,0.2,0.2,0.025,0.3,0.025,-0.2,0.2,0.025,0,0,0,0,1,0.00,0.00,0
1.828513,0,0.3220212,0.0449834,0.2287017,307.53,32.52001,357.43,0.02,0,0.3572002,0.045085,0.2015999,313.75,242.27,350.31,0.02,0.3,0.01519,0.2,0,0,0,0.05,500,0.3,0.025,0.2,0.2,0.025,0.3,0.025,-0.2,0.2,0.025,0,0,0,0,1,0.00,0.00,0
1.840074,0,0.3212338,0.04465321,0.2282699,307.35,32.28,357.5,0.02,0,0.3573018,0.0449834,0.2010411,313.07,242.38,350.29,0.02,0.3,0.01519,0.2,0,0,0,0.05,500,0.3,0.025,0.2,0.2,0.025,0.3,0.025,-0.2,0.2,0.025,0,0,0,0,1,0.00,0.00,0
1.849479,0,0.320802,0.04442459,0.2278126,307.27,32.12,357.54,0.02,0,0.3574034,0.04488181,0.2005839,312.65,242.47,350.27,0.02,0.3,0.01519,0.2,0,0,0,0.05,500,0.3,0.025,0.2,0.2,0.025,0.3,0.025,-0.2,0.2,0.025,0,0,0,0,1,0.00,0.00,0
1.859534,0,0.3204718,0.044323,0.2274825,307.2,32.00999,357.58,0.02,0,0.357632,0.0447548,0.1999235,312.03,242.62,350.24,0.02,0.3,0.01519,0.2,0,0,0,0.05,500,0.3,0.025,0.2,0.2,0.025,0.3,0.025,-0.2,0.2,0.025,0,0,0,0,1,0.00,0.00,0
1.870862,0,0.319786,0.0440944,0.2269237,307.09,31.88,357.6,0.02,0,0.3577336,0.04465321,0.1994663,311.64,242.71,350.22,0.02,0.3,0.01519,0.2,0,0,0,0.05,500,0.3,0.025,0.2,0.2,0.025,0.3,0.025,-0.2,0.2,0.025,0,0,0,0,1,0.00,0.00,0
1.880521,0,0.3195828,0.04396743,0.2265935,307.05,31.81999,357.65,0.02,0,0.3580892,0.0445262,0.1990091,311.29,242.8,350.22,0.02,0.3,0.01519,0.2,0,0,0,0.05,500,0.3,0.025,0.2,0.2,0.025,0.3,0.025,-0.2,0.2,0.025,0,0,0,0,1,0.00,0.00,0
1.891774,0,0.3191256,0.0437642,0.2259331,307,31.73,357.69,0.02,0,0.3584194,0.04442461,0.1983487,310.78,242.95,350.22,0.02,0.3,0.01519,0.2,0,0,0,0.05,500,0.3,0.025,0.2,0.2,0.025,0.3,0.025,-0.2,0.2,0.025,0,0,0,0,1,0.00,0.00,0
1.901843,0,0.3187954,0.0436372,0.2255775,306.96,31.68,357.71,0.02,0,0.358521,0.04432301,0.1979169,310.43,243.04,350.22,0.02,0.3,0.01519,0.2,0,0,0,0.05,500,0.3,0.025,0.2,0.2,0.025,0.3,0.025,-0.2,0.2,0.025,0,0,0,0,1,0.00,0.00,0
1.919652,0,0.3186684,0.04353562,0.2253743,306.96,31.66,357.76,0.02,0,0.3589782,0.04419601,0.1972311,309.92,243.17,350.24,0.02,0.3,0.01519,0.2,0,0,0,0.05,500,0.3,0.025,0.2,0.2,0.025,0.3,0.025,-0.2,0.2,0.025,0,0,0,0,1,0.00,0.00,0
1.927239,0,0.3182366,0.04330701,0.2246884,306.96,31.6,357.85,0.02,0,0.359537,0.0439674,0.1962405,309.29,243.35,350.22,0.02,0.3,0.01519,0.2,0,0,0,0.05,500,0.3,0.025,0.2,0.2,0.025,0.3,0.025,-0.2,0.2,0.025,0,0,0,0,1,0.00,0.00,0
1.935645,0,0.3177794,0.04307842,0.2241297,306.96,31.55,357.96,0.02,0,0.3599688,0.0437642,0.1955547,308.85,243.46,350.24,0.02,0.3,0.01519,0.2,0,0,0,0.05,500,0.3,0.025,0.2,0.2,0.025,0.3,0.025,-0.2,0.2,0.025,0,0,0,0,1,0.00,0.00,0
1.945105,0,0.3175508,0.0428752,0.2236978,306.98,31.53,358.04,0.02,0,0.3600958,0.0437642,0.1951229,308.61,243.54,350.29,0.02,0.3,0.01519,0.2,0,0,0,0.05,500,0.3,0.025,0.2,0.2,0.025,0.3,0.025,-0.2,0.2,0.025,0,0,0,0,1,0.00,0.00,0
1.956455,0,0.3172206,0.0426466,0.2232407,306.98,31.53,358.13,0.02,0,0.3601974,0.0434086,0.1944371,308.3,243.63,350.33,0.02,0.3,0.01519,0.2,0,0,0,0.05,500,0.3,0.025,0.2,0.2,0.025,0.3,0.025,-0.2,0.2,0.025,0,0,0,0,1,0.00,0.00,0
1.966594,0,0.3172206,0.0426466,0.2232407,306.98,31.53,358.13,0.02,0,0.3601974,0.0434086,0.1944371,308.3,243.63,350.33,0.02,0.3,0.01519,0.2,0,0,0,0.05,500,0.3,0.025,0.2,0.2,0.025,0.3,0.025,-0.2,0.2,0.025,0,0,0,0,1,0.00,0.00,0
1.977278,0,0.3165602,0.04231641,0.2221231,306.96,31.57001,358.35,0.02,0,0.3601974,0.04330701,0.1937767,307.92,243.74,350.44,0.02,0.3,0.01519,0.2,0,0,0,0.05,500,0.3,0.025,0.2,0.2,0.025,0.3,0.025,-0.2,0.2,0.025,0,0,0,0,1,0.00,0.00,0
1.987305,0,0.31623,0.0421894,0.2216912,306.94,31.62,358.46,0.02,0,0.3600958,0.04307841,0.1933195,307.77,243.79,350.53,0.02,0.3,0.01519,0.2,0,0,0,0.05,500,0.3,0.025,0.2,0.2,0.025,0.3,0.025,-0.2,0.2,0.025,0,0,0,0,1,0.00,0.00,0
1.997026,0,0.3160014,0.04208779,0.2213356,306.94,31.62,358.53,0.02,0,0.3599688,0.0429768,0.1929893,307.66,243.81,350.57,0.02,0.3,0.01519,0.2,0,0,0,0.05,500,0.3,0.025,0.2,0.2,0.025,0.3,0.025,-0.2,0.2,0.025,0,0,0,0,1,0.00,0.00,0
2.008407,0,0.3157728,0.04196081,0.2210055,306.91,31.62001,358.59,0.02,0,0.3598672,0.0428752,0.1926591,307.51,243.85,350.64,0.02,0.3,0.01519,0.2,0,0,0,0.05,500,0.3,0.025,0.2,0.2,0.025,0.3,0.025,-0.2,0.2,0.025,0,0,0,0,1,0.00,0.00,0
2.018425,0,0.315341,0.04175763,0.2205737,306.89,31.60001,358.68,0.02,0,0.3598672,0.0427482,0.1924305,307.35,243.87,350.68,0.02,0.3,0.01519,0.2,0,0,0,0.05,500,0.3,0.025,0.2,0.2,0.025,0.3,0.025,-0.2,0.2,0.025,0,0,0,0,1,0.00,0.00,0
2.02901,0,0.3151124,0.04163063,0.2203451,306.91,31.57,358.75,0.02,0,0.3598672,0.0426466,0.1918717,307.18,243.92,350.73,0.02,0.3,0.01519,0.2,0,0,0,0.05,500,0.3,0.025,0.2,0.2,0.025,0.3,0.025,-0.2,0.2,0.025,0,0,0,0,1,0.00,0.00,0
2.039169,0,0.3146552,0.041529,0.2200149,306.94,31.49,358.86,0.02,0,0.3598672,0.0425196,0.1916431,306.98,243.94,350.75,0.02,0.3,0.01519,0.2,0,0,0,0.05,500,0.3,0.025,0.2,0.2,0.025,0.3,0.025,-0.2,0.2,0.025,0,0,0,0,1,0.00,0.00,0
2.050245,0,0.314325,0.0413004,0.2197863,306.98,31.42,358.95,0.02,0,0.3598672,0.042418,0.1913129,306.78,244.01,350.79,0.02,0.3,0.01519,0.2,0,0,0,0.05,500,0.3,0.025,0.2,0.2,0.025,0.3,0.025,-0.2,0.2,0.025,0,0,0,0,1,0.00,0.00,0
2.060012,0,0.3136646,0.0410718,0.2193291,307.09,31.29,359.1,0.02,0,0.3600958,0.0421894,0.1906525,306.45,244.14,350.82,0.02,0.3,0.01519,0.2,0,0,0,0.05,500,0.3,0.025,0.2,0.2,0.025,0.3,0.025,-0.2,0.2,0.025,0,0,0,0,1,0.00,0.00,0
2.078209,3.056187,0.3132074,0.0408432,0.2191005,307.18,31.18,359.23,0.02,0,0.3600958,0.04208781,0.1903223,306.19,244.23,350.86,0.02,0.2997424,0.01516821,0.1999492,0,0,0,0.05,500,0.3,0.025,0.2,0.2,0.025,0.3,0.025,-0.2,0.2,0.025,0,0,0,0,1,0.00,0.00,0
2.087414,3.056187,0.3132074,0.0408432,0.2191005,307.18,31.18,359.23,0.02,0,0.3600958,0.04208781,0.1903223,306.19,244.23,350.86,0.02,0.2997424,0.01516821,0.1999492,0,0,0,0.05,500,0.3,0.025,0.2,0.2,0.025,0.3,0.025,-0.2,0.2,0.025,0,0,0,0,1,0.00,0.00,0
2.095904,15.50466,0.3110992,0.0399542,0.2184401,307.66,30.76001,359.78,0.02,0,0.360426,0.041529,0.1888745,305.18,244.73,351.01,0.02,0.2979283,0.01542644,0.2001328,0,0,0,0.05,500,0.3,0.025,0.2,0.2,0.025,0.3,0.025,-0.2,0.2,0.025,0,0,0,0,1,0.00,0.00,0
2.105314,8.900962,0.3099816,0.03952242,0.2182115,307.9,30.59,0.01999877,0.02,0,0.360426,0.0413004,0.1883157,304.76,244.97,351.1,0.02,0.2973736,0.01499609,0.1999412,0,0,0,0.05,500,0.3,0.025,0.2,0.2,0.025,0.3,0.025,-0.2,0.2,0.025,0,0,0,0,1,0.00,0.00,0
2.115995,2.909461,0.3092958,0.03916681,0.2181098,308.08,30.48,0.1799989,0.02,0,0.360426,0.0411988,0.1878585,304.5,245.1,351.17,0.02,0.2966599,0.01449136,0.1996839,0,0,0,0.05,500,0.3,0.025,0.2,0.2,0.025,0.3,0.025,-0.2,0.2,0.025,0,0,0,0,1,0.00,0.00,0
2.126785,2.839034,0.3085084,0.0389636,0.2180083,308.21,30.37,0.329998,0.02,0,0.3603244,0.0410718,0.1876299,304.19,245.24,351.23,0.02,0.2958096,0.01407956,0.199327,0,0,0,0.05,500,0.3,0.025,0.2,0.2,0.025,0.3,0.025,-0.2,0.2,0.025,0,0,0,0,1,0.00,0.00,0
2.137312,3.620976,0.3074162,0.03863341,0.2178813,308.43,30.21,0.5500003,0.02,0,0.3601974,0.04097021,0.187198,303.84,245.37,351.32,0.02,0.2947463,0.01370542,0.199092,0,0,0,0.05,500,0.3,0.025,0.2,0.2,0.025,0.3,0.025,-0.2,0.2,0.025,0,0,0,0,1,0.00,0.00,0
2.147885,3.526441,0.3067304,0.0382778,0.2177797,308.56,30.10001,0.6799995,0.02,0,0.3600958,0.0408432,0.1868424,303.66,245.43,351.34,0.02,0.2941639,0.01325969,0.1987847,0,0,0,0.05,500,0.3,0.025,0.2,0.2,0.025,0.3,0.025,-0.2,0.2,0.025,0,0,0,0,1,0.00,0.00,0
2.15815,5.893156,0.3056128,0.0379476,0.2177797,308.69,29.95,0.9,0.02,0,0.3597656,0.0408432,0.1865122,303.38,245.46,351.41,0.02,0.2930094,0.01304935,0.19871,0,0,0,0.05,500,0.3,0.025,0.2,0.2,0.025,0.3,0.025,-0.2,0.2,0.025,0,0,0,0,1,0.00,0.00,0
2.168189,4.62583,0.3049524,0.037719,0.2176527,308.76,29.84001,1.009995,0.02,0,0.359537,0.0408432,0.1862836,303.24,245.46,351.43,0.02,0.2925327,0.01286579,0.1983911,0,0,0,0.05,500,0.3,0.025,0.2,0.2,0.025,0.3,0.025,-0.2,0.2,0.025,0,0,0,0,1,0.00,0.00,0
2.1787,3.445966,0.3042666,0.0373888,0.2175511,308.85,29.73,1.119995,0.02,0,0.3592068,0.04074161,0.186182,303.11,245.41,351.43,0.02,0.291876,0.01273502,0.198297,0,0,0,0.05,500,0.3,0.025,0.2,0.2,0.025,0.3,0.025,-0.2,0.2,0.025,0,0,0,0,1,0.00,0.00,0
2.189041,3.245186,0.303276,0.03705862,0.2174495,308.87,29.58,1.300001,0.02,0,0.358521,0.04064001,0.1860804,302.96,245.32,351.43,0.02,0.2910109,0.0127505,0.1982435,0,0,0,0.05,500,0.3,0.025,0.2,0.2,0.025,0.3,0.025,-0.2,0.2,0.025,0,0,0,0,1,0.00,0.00,0
2.199601,3.245186,0.303276,0.03705862,0.2174495,308.87,29.58,1.300001,0.02,0,0.358521,0.04064001,0.1860804,302.96,245.32,351.43,0.02,0.2910109,0.0127505,0.1982435,0,0,0,0.05,500,0.3,0.025,0.2,0.2,0.025,0.3,0.025,-0.2,0.2,0.025,0,0,0,0,1,0.00,0.00,0
2.209569,5.632432,0.3017012,0.0363982,0.2172208,308.87,29.36,1.519999,0.02,0,0.3574034,0.0404114,0.1857502,302.87,245.15,351.43,0.02,0.2897416,0.01273761,0.1983483,0,0,0,0.05,500,0.3,0.025,0.2,0.2,0.025,0.3,0.025,-0.2,0.2,0.025,0,0,0,0,1,0.00,0.00,0
2.220807,7.850108,0.3011424,0.0361696,0.2169923,308.85,29.29001,1.599998,0.02,0,0.3568446,0.0404114,0.1856232,302.83,245.06,351.43,0.02,0.2894529,0.01260389,0.1979108,0,0,0,0.05,500,0.3,0.025,0.2,0.2,0.025,0.3,0.025,-0.2,0.2,0.025,0,0,0,0,1,0.00,0.00,0
2.238659,5.298309,0.3005836,0.035941,0.2168906,308.83,29.22,1.710001,0.02,0,0.3564128,0.0404114,0.1855216,302.83,244.97,351.47,0.02,0.2887031,0.01221168,0.1972748,0,0,0,0.05,500,0.3,0.025,0.2,0.2,0.025,0.3,0.025,-0.2,0.2,0.025,0,0,0,0,1,0.00,0.00,0
2.246528,10.61025,0.2992628,0.0353822,0.216535,308.76,29.03,1.910003,0.02,0,0.3550666,0.0401828,0.1850644,302.83,244.78,351.56,0.02,0.287365,0.01224966,0.1972073,0,0,0,0.05,500,0.3,0.025,0.2,0.2,0.025,0.3,0.025,-0.2,0.2,0.025,0,0,0,0,1,0.00,0.00,0
2.254906,10.61025,0.2992628,0.0353822,0.216535,308.76,29.03,1.910003,0.02,0,0.3550666,0.0401828,0.1850644,302.83,244.78,351.56,0.02,0.287365,0.01224966,0.1972073,0,0,0,0.05,500,0.3,0.025,0.2,0.2,0.025,0.3,0.025,-0.2,0.2,0.025,0,0,0,0,1,0.00,0.00,0
2.265209,4.086955,0.297815,0.0348234,0.2159763,308.74,28.84999,2.130006,0.02,0,0.353949,0.0399542,0.1845056,302.76,244.62,351.69,0.02,0.2863285,0.0122516,0.1968355,0,0,0,0.05,500,0.3,0.025,0.2,0.2,0.025,0.3,0.025,-0.2,0.2,0.025,0,0,0,0,1,0.00,0.00,0
2.278238,3.812273,0.2972562,0.03449321,0.215773,308.72,28.76,2.220001,0.02,0,0.3533902,0.0397256,0.184277,302.72,244.58,351.74,0.02,0.2856217,0.0116113,0.1958743,0,0,0,0.05,500,0.3,0.025,0.2,0.2,0.025,0.3,0.025,-0.2,0.2,0.025,0,0,0,0,1,0.00,0.00,0
2.287791,3.812273,0.2972562,0.03449321,0.215773,308.72,28.76,2.220001,0.02,0,0.3533902,0.0397256,0.184277,302.72,244.58,351.74,0.02,0.2856217,0.0116113,0.1958743,0,0,0,0.05,500,0.3,0.025,0.2,0.2,0.025,0.3,0.025,-0.2,0.2,0.025,0,0,0,0,1,0.00,0.00,0
2.298396,10.85895,0.2956814,0.0337058,0.2150873,308.72,28.58999,2.500001,0.02,0,0.3522726,0.0392938,0.183515,302.59,244.53,351.96,0.02,0.2841118,0.01161058,0.1955927,0,0,0,0.05,500,0.3,0.025,0.2,0.2,0.025,0.3,0.025,-0.2,0.2,0.025,0,0,0,0,1,0.00,0.00,0
2.308626,7.804268,0.2946908,0.03314701,0.2147571,308.74,28.5,2.699999,0.02,0,0.3514852,0.03883661,0.1830578,302.5,244.53,352.11,0.02,0.2834248,0.01124949,0.1951574,0,0,0,0.05,500,0.3,0.025,0.2,0.2,0.025,0.3,0.025,-0.2,0.2,0.025,0,0,0,0,1,0.00,0.00,0
2.320848,4.245078,0.294005,0.03281681,0.2144269,308.74,28.45,2.830001,0.02,0,0.3509264,0.03863341,0.1827276,302.43,244.56,352.24,0.02,0.28268,0.01105767,0.1945498,0,0,0,0.05,500,0.3,0.025,0.2,0.2,0.025,0.3,0.025,-0.2,0.2,0.025,0,0,0,0,1,0.00,0.00,0
2.330425,5.039781,0.2934462,0.0324866,0.2140967,308.78,28.41,2.99,0.02,0,0.3504946,0.03840481,0.1822705,302.39,244.56,352.35,0.02,0.2820772,0.01080666,0.1939675,0,0,0,0.05,500,0.3,0.025,0.2,0.2,0.025,0.3,0.025,-0.2,0.2,0.025,0,0,0,0,1,0.00,0.00,0
2.340928,5.852981,0.2924556,0.03192779,0.2136395,308.85,28.32,3.210004,0.02,0,0.3496056,0.0379476,0.1817116,302.34,244.58,352.53,0.02,0.2810955,0.01064384,0.1934983,0,0,0,0.05,500,0.3,0.025,0.2,0.2,0.025,0.3,0.025,-0.2,0.2,0.025,0,0,0,0,1,0.00,0.00,0
2.352211,5.872747,0.2917698,0.0314706,0.2133093,308.89,28.28001,3.359997,0.02,0,0.3494786,0.037846,0.18161,302.32,244.58,352.55,0.02,0.2804771,0.01039301,0.1929469,0,0,0,0.05,500,0.3,0.025,0.2,0.2,0.025,0.3,0.025,-0.2,0.2,0.025,0,0,0,0,1,0.00,0.00,0
2.36134,4.709278,0.2910078,0.03103881,0.2127505,309,28.21,3.579998,0.02,0,0.3489198,0.0375158,0.1810512,302.32,244.6,352.68,0.02,0.2797119,0.01034473,0.1922755,0,0,0,0.05,500,0.3,0.025,0.2,0.2,0.025,0.3,0.025,-0.2,0.2,0.025,0,0,0,0,1,0.00,0.00,0
2.372641,6.823775,0.290449,0.03058161,0.2124203,309.05,28.19,3.74,0.02,0,0.348488,0.0371602,0.180594,302.32,244.62,352.77,0.02,0.2791404,0.01006327,0.1917464,0,0,0,0.05,500,0.3,0.025,0.2,0.2,0.025,0.3,0.025,-0.2,0.2,0.025,0,0,0,0,1,0.00,0.00,0
2.391097,6.373892,0.2898902,0.0302514,0.2120901,309.11,28.15,3.870002,0.02,0,0.3480308,0.03683001,0.1801622,302.32,244.64,352.88,0.02,0.2782463,0.00985139,0.1904951,0,0,0,0.05,500,0.3,0.025,0.2,0.2,0.025,0.3,0.025,-0.2,0.2,0.025,0,0,0,0,1,0.00,0.00,0
2.399254,6.373892,0.2898902,0.0302514,0.2120901,309.11,28.15,3.870002,0.02,0,0.3480308,0.03683001,0.1801622,302.32,244.64,352.88,0.02,0.2782463,0.00985139,0.1904951,0,0,0,0.05,500,0.3,0.025,0.2,0.2,0.025,0.3,0.025,-0.2,0.2,0.025,0,0,0,0,1,0,0.00,0
2.408605,14.9931,0.2877566,0.0291338,0.2110741,309.27,28.08,4.350004,0.02,0,0.3462528,0.03583941,0.1785875,302.23,244.78,353.19,0.02,0.276284,0.009985332,0.1902899,0,0,0,0.05,500,0.3,0.025,0.2,0.2,0.025,0.3,0.025,-0.2,0.2,0.025,0,0,0,0,1,0,0.00,0
2.417048,13.76862,0.2871978,0.0289052,0.2108454,309.27,28.06,4.459999,0.02,0,0.3457956,0.03571241,0.1783588,302.19,244.8,353.25,0.02,0.2759847,0.009752917,0.1894781,0,0,0,0.05,500,0.3,0.025,0.2,0.2,0.025,0.3,0.025,-0.2,0.2,0.025,0,0,0,0,1,0,0.00,0
2.429091,6.324633,0.286766,0.0286766,0.2106169,309.29,28.02,4.550001,0.02,0,0.3454654,0.0356108,0.1780286,302.15,244.84,353.3,0.02,0.2752581,0.009639376,0.1888153,0,0,0,0.05,500,0.3,0.025,0.2,0.2,0.025,0.3,0.025,-0.2,0.2,0.025,0,0,0,0,1,0,0.00,0
2.44029,5.300539,0.2859786,0.02847341,0.2102867,309.29,27.97,4.66,0.02,0,0.3450082,0.03548381,0.1776984,302.06,244.89,353.34,0.02,0.274369,0.009686281,0.1881558,0,0,0,0.05,500,0.3,0.025,0.2,0.2,0.025,0.3,0.025,-0.2,0.2,0.025,0,0,0,0,1,0,0.00,0
2.449822,6.551908,0.2855214,0.0283464,0.2101851,309.31,27.90999,4.720002,0.02,0,0.344678,0.03548381,0.1774698,301.99,244.93,353.36,0.02,0.2737979,0.009607481,0.1875526,0,0,0,0.05,500,0.3,0.025,0.2,0.2,0.025,0.3,0.025,-0.2,0.2,0.025,0,0,0,0,1,0,0.00,0
2.460765,4.268224,0.2849626,0.02824481,0.2098549,309.33,27.84,4.810001,0.02,0,0.3444748,0.03548381,0.177038,301.9,245,353.39,0.02,0.273122,0.009800492,0.1868967,0,0,0,0.05,500,0.3,0.025,0.2,0.2,0.025,0.3,0.025,-0.2,0.2,0.025,0,0,0,0,1,0,0.00,0
2.470919,5.890336,0.2846324,0.02824481,0.2097279,309.37,27.77,4.880003,0.02,0,0.3442462,0.03548381,0.1767078,301.86,245.06,353.41,0.02,0.2726631,0.009893056,0.1863448,0,0,0,0.05,500,0.3,0.025,0.2,0.2,0.025,0.3,0.025,-0.2,0.2,0.025,0,0,0,0,1,0,0.00,0
2.481616,4.856899,0.2841752,0.02811781,0.2095246,309.4,27.73,4.920002,0.02,0,0.3441192,0.03548381,0.1764792,301.77,245.13,353.41,0.02,0.2721055,0.01005434,0.1858951,0,0,0,0.05,500,0.3,0.025,0.2,0.2,0.025,0.3,0.025,-0.2,0.2,0.025,0,0,0,0,1,0,0.00,0
2.491971,4.033585,0.2836418,0.02811781,0.209296,309.46,27.66,4.970002,0.02,0,0.3440176,0.03548381,0.176022,301.66,245.28,353.41,0.02,0.2715198,0.01035437,0.185428,0,0,0,0.05,500,0.3,0.025,0.2,0.2,0.025,0.3,0.025,-0.2,0.2,0.025,0,0,0,0,1,0,0.00,0
2.502944,5.309846,0.2832862,0.02811781,0.209169,309.53,27.62,4.990003,0.02,0,0.3440176,0.0356108,0.1757934,301.6,245.37,353.39,0.02,0.2711087,0.01053248,0.1850164,0,0,0,0.05,500,0.3,0.025,0.2,0.2,0.025,0.3,0.025,-0.2,0.2,0.025,0,0,0,0,1,0,0.00,0
2.512579,3.769972,0.2827274,0.02824481,0.2089659,309.59,27.58001,5.029998,0.02,0,0.343916,0.03571241,0.1753616,301.46,245.54,353.36,0.02,0.2704591,0.01093661,0.1845863,0,0,0,0.05,500,0.3,0.025,0.2,0.2,0.025,0.3,0.025,-0.2,0.2,0.025,0,0,0,0,1,0,0.00,0
2.524262,5.64592,0.2823972,0.0283464,0.2089659,309.66,27.58,5.030004,0.02,0,0.343789,0.03571241,0.175133,301.4,245.68,353.34,0.02,0.2700678,0.01108854,0.1842376,0,0,0,0.05,500,0.3,0.025,0.2,0.2,0.025,0.3,0.025,-0.2,0.2,0.025,0,0,0,0,1,0,0.00,0
2.541531,2.781299,0.282067,0.02847341,0.2087373,309.75,27.58,5.050004,0.02,0,0.343789,0.03583941,0.1749045,301.35,245.79,353.32,0.02,0.2696686,0.01144964,0.1837676,0,0,0,0.05,500,0.3,0.025,0.2,0.2,0.025,0.3,0.025,-0.2,0.2,0.025,0,0,0,0,1,0,0.00,0
2.549482,5.476125,0.2812796,0.0290322,0.2087373,309.9,27.6,5.08,0.02,0,0.3435604,0.0362712,0.1744726,301.29,246.12,353.28,0.02,0.2686953,0.01206134,0.1834264,0,0,0,0.05,500,0.3,0.025,0.2,0.2,0.025,0.3,0.025,-0.2,0.2,0.025,0,0,0,0,1,0,0.00,0
2.55755,6.046069,0.2809494,0.02946401,0.2088389,310.01,27.66,5.079999,0.02,0,0.3434588,0.0364998,0.174244,301.31,246.31,353.23,0.02,0.2683701,0.01232184,0.1830666,0,0,0,0.05,500,0.3,0.025,0.2,0.2,0.025,0.3,0.025,-0.2,0.2,0.025,0,0,0,0,1,0,0.00,0
2.567632,3.303225,0.2806192,0.0297942,0.2090674,310.06,27.71,5.08,0.02,0,0.3433572,0.0367284,0.174117,301.35,246.49,353.21,0.02,0.2678523,0.0125861,0.1828901,0,0,0,0.05,500,0.3,0.025,0.2,0.2,0.025,0.3,0.025,-0.2,0.2,0.025,0,0,0,0,1,0,0.00,0
2.577454,3.303225,0.2806192,0.0297942,0.2090674,310.06,27.71,5.08,0.02,0,0.3433572,0.0367284,0.174117,301.35,246.49,353.21,0.02,0.2678523,0.0125861,0.1828901,0,0,0,0.05,500,0.3,0.025,0.2,0.2,0.025,0.3,0.025,-0.2,0.2,0.025,0,0,0,0,1,0,0.00,0
2.588845,6.165845,0.2799334,0.03103881,0.2096263,310.21,27.88,5.030003,0.02,0,0.3431286,0.0375158,0.1740154,301.53,246.97,353.08,0.02,0.2668491,0.01357035,0.1826541,0,0,0,0.05,500,0.3,0.025,0.2,0.2,0.025,0.3,0.025,-0.2,0.2,0.025,0,0,0,0,1,0,0.00,0
2.598317,0,0.2797302,0.0315976,0.2098549,310.3,27.97,4.970002,0.02,0,0.3431286,0.0379476,0.1740154,301.62,247.24,353.01,0.02,0.2660688,0.01453584,0.1824705,0,0,0,0.05,500,0.3,0.025,0.2,0.2,0.025,0.3,0.025,-0.2,0.2,0.025,0,0,0,0,1,0,0.00,0
2.610099,0,0.2794,0.0328168,0.2104137,310.45,28.13,4.830003,0.02,0,0.3431286,0.03863341,0.1740154,301.77,247.65,352.86,0.02,0.2654619,0.01536753,0.1823277,0,0,0,0.05,500,0.3,0.025,0.2,0.2,0.025,0.3,0.025,-0.2,0.2,0.025,0,0,0,0,1,0,0.00,0
2.619638,0,0.2791714,0.0337058,0.2108454,310.58,28.23,4.699999,0.02,0,0.3431286,0.03916681,0.174117,301.84,247.94,352.73,0.02,0.2649899,0.01599249,0.1822167,0,0,0,0.05,500,0.3,0.025,0.2,0.2,0.025,0.3,0.025,-0.2,0.2,0.025,0,0,0,0,1,0,0.00,0
2.630295,0,0.2789428,0.03449321,0.2111757,310.72,28.34,4.550003,0.02,0,0.3433572,0.0397256,0.174117,301.88,248.2,352.6,0.02,0.2646228,0.01637949,0.1821303,0,0,0,0.05,500,0.3,0.025,0.2,0.2,0.025,0.3,0.025,-0.2,0.2,0.025,0,0,0,0,1,0,0.00,0
2.640672,0,0.2786126,0.03571241,0.2118615,311,28.48,4.260001,0.02,0,0.3434588,0.04064001,0.174117,301.93,248.58,352.35,0.02,0.2643372,0.01653364,0.1820631,0,0,0,0.05,500,0.3,0.025,0.2,0.2,0.025,0.3,0.025,-0.2,0.2,0.025,0,0,0,0,1,0,0.00,0
2.650249,0,0.2782824,0.03660141,0.2122933,311.2,28.54,4.040001,0.02,0,0.3436874,0.0413004,0.174244,301.88,248.82,352.18,0.02,0.2641152,0.01648766,0.1820109,0,0,0,0.05,500,0.3,0.025,0.2,0.2,0.025,0.3,0.025,-0.2,0.2,0.025,0,0,0,0,1,0,0.00,0
2.661232,0,0.2778252,0.037846,0.2129791,311.55,28.61,3.74,0.02,0,0.343789,0.0421894,0.1743456,301.84,249.15,351.94,0.02,0.2639424,0.01629169,0.1819703,0,0,0,0.05,500,0.3,0.025,0.2,0.2,0.025,0.3,0.025,-0.2,0.2,0.025,0,0,0,0,1,0,0.00,0
2.671856,0,0.277495,0.0385064,0.2134109,311.86,28.59,3.52,0.02,0,0.3440176,0.0427482,0.1743456,301.82,249.37,351.74,0.02,0.2638081,0.01600325,0.1819386,0,0,0,0.05,500,0.3,0.025,0.2,0.2,0.025,0.3,0.025,-0.2,0.2,0.025,0,0,0,0,1,0,0.00,0
2.682727,0,0.2769362,0.0392938,0.2139696,312.12,28.56001,3.320001,0.02,0,0.3441192,0.04330701,0.1744726,301.75,249.57,351.56,0.02,0.2637036,0.01567852,0.1819141,0,0,0,0.05,500,0.3,0.025,0.2,0.2,0.025,0.3,0.025,-0.2,0.2,0.025,0,0,0,0,1,0,0.00,0
2.700408,0,0.2761488,0.0402844,0.2147571,312.63,28.5,3.029999,0.02,0,0.3442462,0.04419599,0.1745742,301.64,249.87,351.34,0.02,0.2635591,0.01510059,0.1818801,0,0,0,0.05,500,0.3,0.025,0.2,0.2,0.025,0.3,0.025,-0.2,0.2,0.025,0,0,0,0,1,0,0.00,0
2.709054,0,0.2761488,0.0402844,0.2147571,312.63,28.5,3.029999,0.02,0,0.3442462,0.04419599,0.1745742,301.64,249.87,351.34,0.02,0.2635591,0.01510059,0.1818801,0,0,0,0.05,500,0.3,0.025,0.2,0.2,0.025,0.3,0.025,-0.2,0.2,0.025,0,0,0,0,1,0,0.00,0
2.717349,0,0.273685,0.04196081,0.216535,314.08,28.1,2.399999,0.02,0,0.3443478,0.04577081,0.1745742,301.33,250.44,350.86,0.02,0.2635099,0.01490549,0.1818685,0,0,0,0.05,500,0.3,0.025,0.2,0.2,0.025,0.3,0.025,-0.2,0.2,0.025,0,0,0,0,1,0,0.00,0
2.725902,0,0.272923,0.042418,0.2170939,314.54,27.93,2.24,0.02,0,0.3443478,0.0462026,0.1745742,301.22,250.58,350.75,0.02,0.2634717,0.01478887,0.1818595,0,0,0,0.05,500,0.3,0.025,0.2,0.2,0.025,0.3,0.025,-0.2,0.2,0.025,0,0,0,0,1,0,0.00,0
2.737385,0,0.2715768,0.0427482,0.2178813,315.24,27.62,2.02,0.02,0,0.3442462,0.04676141,0.1744726,301.05,250.73,350.57,0.02,0.263442,0.01474768,0.1818525,0,0,0,0.05,500,0.3,0.025,0.2,0.2,0.025,0.3,0.025,-0.2,0.2,0.025,0,0,0,0,1,0,0.00,0
2.747026,0,0.2706878,0.04297683,0.2183385,315.73,27.4,1.889999,0.02,0,0.3442462,0.04709162,0.1744726,300.89,250.82,350.46,0.02,0.2634188,0.01477026,0.1818471,0,0,0,0.05,500,0.3,0.025,0.2,0.2,0.025,0.3,0.025,-0.2,0.2,0.025,0,0,0,0,1,0,0.00,0
2.758371,0,0.2693416,0.04320543,0.2189989,316.45,27,1.759997,0.02,0,0.3441192,0.0474472,0.1743456,300.65,250.93,350.31,0.02,0.2634008,0.01483964,0.1818428,0,0,0,0.05,500,0.3,0.025,0.2,0.2,0.025,0.3,0.025,-0.2,0.2,0.025,0,0,0,0,1,0,0.00,0
2.768534,0,0.2683256,0.04307842,0.2193291,316.91,26.76,1.669999,0.02,0,0.3440176,0.04777743,0.174244,300.48,250.97,350.2,0.02,0.2633868,0.01493685,0.1818395,0,0,0,0.05,500,0.3,0.025,0.2,0.2,0.025,0.3,0.025,-0.2,0.2,0.025,0,0,0,0,1,0,0.00,0
2.778985,0,0.2672334,0.0429768,0.2197863,317.33,26.48,1.600001,0.02,0,0.343916,0.04800603,0.174117,300.28,251.02,350.09,0.02,0.2633759,0.01504372,0.181837,0,0,0,0.05,500,0.3,0.025,0.2,0.2,0.025,0.3,0.025,-0.2,0.2,0.025,0,0,0,0,1,0,0.00,0
2.789471,0,0.265557,0.0427482,0.2202181,317.97,26.06,1.599996,0.02,0,0.3436874,0.04820922,0.1740154,299.93,251.08,349.96,0.02,0.2633675,0.01514489,0.181835,0,0,0,0.05,500,0.3,0.025,0.2,0.2,0.025,0.3,0.025,-0.2,0.2,0.025,0,0,0,0,1,0,0.00,0
2.798899,0,0.265557,0.0427482,0.2202181,317.97,26.06,1.599996,0.02,0,0.3436874,0.04820922,0.1740154,299.93,251.08,349.96,0.02,0.2633675,0.01514489,0.181835,0,0,0,0.05,500,0.3,0.025,0.2,0.2,0.025,0.3,0.025,-0.2,0.2,0.025,0,0,0,0,1,0,0.00,0
2.810301,0,0.2628646,0.04208779,0.2205737,318.87,25.42,1.76,0.02,0,0.3432302,0.0484378,0.1735583,299.25,251.1,349.78,0.02,0.2633609,0.01522916,0.1818334,0,0,0,0.05,500,0.3,0.025,0.2,0.2,0.025,0.3,0.025,-0.2,0.2,0.025,0,0,0,0,1,0,0.00,0
2.820312,0,0.261747,0.041529,0.2206753,319.15,25.17999,1.850002,0.02,0,0.3429,0.0484378,0.1734566,298.94,251.08,349.76,0.02,0.2633558,0.01528986,0.1818322,0,0,0,0.05,500,0.3,0.025,0.2,0.2,0.025,0.3,0.025,-0.2,0.2,0.025,0,0,0,0,1,0,0.00,0
2.830824,0,0.2606294,0.04097021,0.2206752,319.39,24.94,1.999998,0.02,0,0.3426714,0.0484378,0.173228,298.61,251.06,349.74,0.02,0.2633518,0.01532474,0.1818313,0,0,0,0.05,500,0.3,0.025,0.2,0.2,0.025,0.3,0.025,-0.2,0.2,0.025,0,0,0,0,1,0,0.00,0
2.841205,0,0.258953,0.0400812,0.2205737,319.68,24.63,2.259999,0.02,0,0.3421126,0.04833621,0.1728978,298.15,250.99,349.76,0.02,0.2633487,0.01533524,0.1818306,0,0,0,0.05,500,0.3,0.025,0.2,0.2,0.025,0.3,0.025,-0.2,0.2,0.025,0,0,0,0,1,0,0.00,0
2.860043,0,0.2578354,0.03952239,0.2204467,319.81,24.43,2.479997,0.02,0,0.3416808,0.04810762,0.1726692,297.84,250.91,349.8,0.02,0.2633444,0.01530115,0.1818295,0,0,0,0.05,500,0.3,0.025,0.2,0.2,0.025,0.3,0.025,-0.2,0.2,0.025,0,0,0,0,1,0,0.00,0
2.869019,0,0.2551684,0.0376174,0.2200149,320.01,24.04,3.079997,0.02,0,0.3403346,0.0474472,0.1720088,297.22,250.71,349.94,0.02,0.2633429,0.01526851,0.1818292,0,0,0,0.05,500,0.3,0.025,0.2,0.2,0.025,0.3,0.025,-0.2,0.2,0.025,0,0,0,0,1,0,0.00,0
2.877231,0,0.2551684,0.0376174,0.2200149,320.01,24.04,3.079997,0.02,0,0.3403346,0.0474472,0.1720088,297.22,250.71,349.94,0.02,0.2633429,0.01526851,0.1818292,0,0,0,0.05,500,0.3,0.025,0.2,0.2,0.025,0.3,0.025,-0.2,0.2,0.025,0,0,0,0,1,0,0.00,0
2.886809,0,0.2527046,0.03583941,0.2192274,320.1,23.73,3.740003,0.02,0,0.3386582,0.04665981,0.1712214,296.81,250.47,350.16,0.02,0.2633418,0.01523344,0.1818289,0,0,0,0.05,500,0.3,0.025,0.2,0.2,0.025,0.3,0.025,-0.2,0.2,0.025,0,0,0,0,1,0,0.00,0
2.896832,0,0.251714,0.0351536,0.2188973,320.12,23.64,3.959998,0.02,0,0.3379978,0.0463296,0.1708912,296.7,250.38,350.24,0.02,0.2633409,0.01520079,0.1818287,0,0,0,0.05,500,0.3,0.025,0.2,0.2,0.025,0.3,0.025,-0.2,0.2,0.025,0,0,0,0,1,0,0.00,0
2.9077,0,0.2502662,0.03416303,0.2184401,320.16,23.49,4.280001,0.02,0,0.3368802,0.04564381,0.1703324,296.56,250.25,350.38,0.02,0.2633402,0.01517407,0.1818286,0,0,0,0.05,500,0.3,0.025,0.2,0.2,0.025,0.3,0.025,-0.2,0.2,0.025,0,0,0,0,1,0,0.00,0
2.917284,0,0.2493518,0.0334772,0.2181099,320.19,23.4,4.48,0.02,0,0.3361944,0.04531361,0.1700022,296.48,250.18,350.46,0.02,0.2633397,0.01515525,0.1818284,0,0,0,0.05,500,0.3,0.025,0.2,0.2,0.025,0.3,0.025,-0.2,0.2,0.025,0,0,0,0,1,0,0.00,0
2.927084,0,0.2483612,0.03291842,0.2177797,320.21,23.31,4.679996,0.02,0,0.3354324,0.0449834,0.169545,296.41,250.11,350.57,0.02,0.2633393,0.0151449,0.1818283,0,0,0,0.05,500,0.3,0.025,0.2,0.2,0.025,0.3,0.025,-0.2,0.2,0.025,0,0,0,0,1,0,0.00,0
2.93858,0,0.2469134,0.03192781,0.2173225,320.21,23.16,4.940001,0.02,0,0.3343148,0.04442461,0.1691132,296.26,250,350.68,0.02,0.2633389,0.01514242,0.1818283,0,0,0,0.05,500,0.3,0.025,0.2,0.2,0.025,0.3,0.025,-0.2,0.2,0.025,0,0,0,0,1,0,0.00,0
2.948156,0,0.2460244,0.031369,0.2168906,320.23,23.07,5.100001,0.02,0,0.3335274,0.04396741,0.168783,296.15,249.92,350.77,0.02,0.2633387,0.01514637,0.1818282,0,0,0,0.05,500,0.3,0.025,0.2,0.2,0.025,0.3,0.025,-0.2,0.2,0.025,0,0,0,0,1,0,0.00,0
2.959613,0,0.2446782,0.03048,0.2163319,320.21,22.96,5.340002,0.02,0,0.3324098,0.0434086,0.1682242,295.97,249.81,350.9,0.02,0.2633385,0.01515482,0.1818282,0,0,0,0.05,500,0.3,0.025,0.2,0.2,0.025,0.3,0.025,-0.2,0.2,0.025,0,0,0,0,1,0,0.00,0
2.969378,0,0.2436622,0.0297942,0.2159763,320.16,22.9,5.519997,0.02,0,0.3316224,0.04307841,0.1678686,295.82,249.72,350.97,0.02,0.2633383,0.01516574,0.1818281,0,0,0,0.05,500,0.3,0.025,0.2,0.2,0.025,0.3,0.025,-0.2,0.2,0.025,0,0,0,0,1,0,0.00,0
2.9803,0,0.2427732,0.02923541,0.2155445,320.1,22.83,5.670001,0.02,0,0.330962,0.0427482,0.1674368,295.69,249.63,351.06,0.02,0.2633382,0.01517723,0.1818281,0,0,0,0.05,500,0.3,0.025,0.2,0.2,0.025,0.3,0.025,-0.2,0.2,0.025,0,0,0,0,1,0,0.00,0
2.990229,0,0.241427,0.02824481,0.2146555,319.99,22.74,5.950002,0.02,0,0.3298444,0.04208781,0.166878,295.47,249.48,351.19,0.02,0.2633381,0.01518774,0.1818281,0,0,0,0.05,500,0.3,0.025,0.2,0.2,0.025,0.3,0.025,-0.2,0.2,0.025,0,0,0,0,1,0,0.00,0
3.000451,0,0.240665,0.027686,0.2140967,319.88,22.7,6.2,0.02,0,0.329057,0.04175761,0.1665478,295.31,249.37,351.3,0.02,0.2633381,0.01519619,0.1818281,0,0,0,0.05,500,0.3,0.025,0.2,0.2,0.025,0.3,0.025,-0.2,0.2,0.025,0,0,0,0,1,0,0.00,0
3.019578,0,0.2394204,0.02667001,0.2132077,319.7,22.7,6.529996,0.02,0,0.3279394,0.0411988,0.165862,295.09,249.24,351.47,0.02,0.263338,0.01520201,0.1818281,0,0,0,0.05,500,0.3,0.025,0.2,0.2,0.025,0.3,0.025,-0.2,0.2,0.025,0,0,0,0,1,0,0.00,0
3.028279,0,0.237871,0.0251206,0.2118614,319.39,22.65,7.030002,0.02,0,0.32639,0.0401828,0.164973,294.81,249.04,351.69,0.02,0.263338,0.01520504,0.181828,0,0,0,0.05,500,0.3,0.025,0.2,0.2,0.025,0.3,0.025,-0.2,0.2,0.025,0,0,0,0,1,6.37,0.00,0
3.042036,0,0.2367534,0.024003,0.2107439,319.17,22.68,7.470001,0.02,0,0.325374,0.03939541,0.1641856,294.63,248.91,351.94,0.02,0.2633379,0.01520555,0.181828,0,0,0,0.05,500,0.3,0.025,0.2,0.2,0.025,0.3,0.025,-0.2,0.2,0.025,0,0,0,0,1,6.37,0.00,0
3.05012,0,0.2360676,0.02321561,0.2100835,319.02,22.68,7.799998,0.02,0,0.3245866,0.03883661,0.1637538,294.52,248.82,352.09,0.02,0.2633379,0.01520402,0.181828,0,0,0,0.05,500,0.3,0.025,0.2,0.2,0.025,0.3,0.025,-0.2,0.2,0.025,0,0,0,0,1,6.37,0.00,0
3.058157,0,0.235077,0.02186941,0.2090674,318.76,22.72,8.280001,0.02,0,0.323596,0.0380746,0.163068,294.35,248.66,352.35,0.02,0.2633379,0.0152011,0.181828,0,0,0,0.05,500,0.3,0.025,0.2,0.2,0.025,0.3,0.025,-0.2,0.2,0.025,0,0,0,0,1,6.37,0.00,0
3.068489,0,0.2345182,0.0209804,0.2084071,318.58,22.76,8.59,0.02,0,0.3229102,0.0375158,0.1625092,294.26,248.6,352.53,0.02,0.2633379,0.01519746,0.181828,0,0,0,0.05,500,0.3,0.025,0.2,0.2,0.025,0.3,0.025,-0.2,0.2,0.025,0,0,0,0,1,6.37,0.00,0
3.078067,0,0.2339594,0.020193,0.2076197,318.41,22.83,8.900001,0.02,0,0.3221482,0.03695701,0.1620774,294.17,248.51,352.68,0.02,0.2633379,0.01519371,0.181828,0,0,0,0.05,500,0.3,0.025,0.2,0.2,0.025,0.3,0.025,-0.2,0.2,0.025,0,0,0,0,1,6.37,0.00,0
3.089576,0,0.233172,0.0189738,0.2065021,318.1,22.98,9.38,0.02,0,0.3211322,0.0360426,0.1613916,294.06,248.38,352.92,0.02,0.2633379,0.01519033,0.181828,0,0,0,0.05,500,0.3,0.025,0.2,0.2,0.025,0.3,0.025,-0.2,0.2,0.025,0,0,0,0,1,6.37,0.00,0
3.09922,0,0.233172,0.0189738,0.2065021,318.1,22.98,9.38,0.02,0,0.3211322,0.0360426,0.1613916,294.06,248.38,352.92,0.02,0.2633379,0.01519033,0.181828,0,0,0,0.05,500,0.3,0.025,0.2,0.2,0.025,0.3,0.025,-0.2,0.2,0.025,0,0,0,0,1,6.37,0.00,0
3.110401,0,0.2325116,0.01696721,0.2048257,317.42,23.36,10.11,0.02,0,0.3194558,0.0345948,0.1605026,294.04,248.16,353.28,0.02,0.2633379,0.01518767,0.181828,0,0,0,0.05,500,0.3,0.025,0.2,0.2,0.025,0.3,0.025,-0.2,0.2,0.025,0,0,0,0,1,6.37,0.00,0
3.120467,0,0.232283,0.0161798,0.2041653,317.04,23.58001,10.37,0.02,0,0.3187954,0.03416301,0.1601724,294.08,248.07,353.41,0.02,0.2633379,0.01518588,0.181828,0,0,0,0.05,500,0.3,0.025,0.2,0.2,0.025,0.3,0.025,-0.2,0.2,0.025,0,0,0,0,1,6.37,0.00,0
3.130173,0,0.2323846,0.0155194,0.2032509,316.69,23.8,10.63,0.02,0,0.318008,0.0336042,0.1599438,294.15,247.94,353.52,0.02,0.2633379,0.015185,0.181828,0,0,0,0.05,500,0.3,0.025,0.2,0.2,0.025,0.3,0.025,-0.2,0.2,0.025,0,0,0,0,1,6.37,0.00,0
3.141366,0,0.2325116,0.0145034,0.2021333,315.99,24.15,11.03,0.02,0,0.3167888,0.03281681,0.1597406,294.37,247.74,353.67,0.02,0.2633379,0.01518493,0.181828,0,0,0,0.05,500,0.3,0.025,0.2,0.2,0.025,0.3,0.025,-0.2,0.2,0.025,0,0,0,0,1,6.37,0.00,0
3.15104,0,0.2327402,0.013843,0.2014729,315.42,24.37001,11.25,0.02,0,0.3158998,0.0323596,0.1596136,294.59,247.61,353.76,0.02,0.2633379,0.0151855,0.181828,0,0,0,0.05,500,0.3,0.025,0.2,0.2,0.025,0.3,0.025,-0.2,0.2,0.025,0,0,0,0,1,6.37,0.00,0
3.170304,0,0.233172,0.012954,0.2004823,314.58,24.72,11.56,0.02,0,0.3144266,0.03169921,0.159512,295,247.35,353.87,0.02,0.2633379,0.01518772,0.181828,0,0,0,0.05,500,0.3,0.025,0.2,0.2,0.025,0.3,0.025,-0.2,0.2,0.025,0,0,0,0,1,6.37,0.00,0
3.17846,9.148964,0.234061,0.0122682,0.1992377,313.46,25.16,11.91,0.02,0,0.31242,0.0306832,0.1597406,295.71,246.97,354.02,0.02,0.2631399,0.01430736,0.1811502,0,0,0,0.05,500,0.3,0.025,0.2,0.2,0.025,0.3,0.025,-0.2,0.2,0.025,0,0,0,0,1,6.37,0.00,0
3.186826,9.148964,0.234061,0.0122682,0.1992377,313.46,25.16,11.91,0.02,0,0.31242,0.0306832,0.1597406,295.71,246.97,354.02,0.02,0.2631399,0.01430736,0.1811502,0,0,0,0.05,500,0.3,0.025,0.2,0.2,0.025,0.3,0.025,-0.2,0.2,0.025,0,0,0,0,1,6.37,0.00,0
3.196531,5.023057,0.2355088,0.0115062,0.1981201,312.01,25.71,12.02,0.02,0,0.309626,0.02959101,0.1601724,296.85,246.51,354.29,0.02,0.2635278,0.01373266,0.1809246,0,0,0,0.05,500,0.3,0.025,0.2,0.2,0.025,0.3,0.025,-0.2,0.2,0.025,0,0,0,0,1,6.37,0.00,0
3.20679,4.791352,0.2365248,0.0113792,0.1975612,311.15,26.06001,12,0.02,0,0.307975,0.0289052,0.1606296,297.62,246.23,354.48,0.02,0.2641636,0.01393133,0.1806031,0,0,0,0.05,500,0.3,0.025,0.2,0.2,0.025,0.3,0.025,-0.2,0.2,0.025,0,0,0,0,1,6.37,0.00,0
3.217641,3.705017,0.2373122,0.0115062,0.1973581,310.61,26.3,11.98,0.02,0,0.3067304,0.0283464,0.1609598,298.17,246.07,354.64,0.02,0.2651101,0.01418722,0.1803076,0,0,0,0.05,500,0.3,0.025,0.2,0.2,0.025,0.3,0.025,-0.2,0.2,0.025,0,0,0,0,1,6.37,0.00,0
3.227489,4.382153,0.2380996,0.0115062,0.1969009,310.06,26.56,11.89,0.02,0,0.3057398,0.02801621,0.16129,298.72,245.94,354.79,0.02,0.2660717,0.01426564,0.179651,0,0,0,0.05,500,0.3,0.025,0.2,0.2,0.025,0.3,0.025,-0.2,0.2,0.025,0,0,0,0,1,6.37,0.00,0
3.238685,5.054907,0.2393188,0.01170941,0.1965707,309.2,26.94,11.71,0.02,0,0.3040634,0.02735581,0.1618488,299.58,245.76,355.03,0.02,0.2673933,0.01460688,0.1793211,0,0,0,0.05,500,0.3,0.025,0.2,0.2,0.025,0.3,0.025,-0.2,0.2,0.025,0,0,0,0,1,6.37,0.00,0
3.248046,3.216664,0.2401062,0.01183639,0.1964437,308.65,27.2,11.6,0.02,0,0.3030474,0.02689861,0.162306,300.12,245.7,355.19,0.02,0.2686462,0.01478933,0.1787764,0,0,0,0.05,500,0.3,0.025,0.2,0.2,0.025,0.3,0.025,-0.2,0.2,0.025,0,0,0,0,1,6.37,0.00,0
3.259674,3.54638,0.241427,0.0121666,0.1961135,307.84,27.58,11.4,0.02,0,0.3018282,0.0264668,0.1628648,300.89,245.65,355.43,0.02,0.2700111,0.01517522,0.1783905,0,0,0,0.05,500,0.3,0.025,0.2,0.2,0.025,0.3,0.025,-0.2,0.2,0.025,0,0,0,0,1,6.37,0.00,0
3.26967,2.264937,0.2422144,0.0123952,0.1960119,307.31,27.8,11.28999,0.02,0,0.3011424,0.0263398,0.1632966,301.31,245.63,355.56,0.02,0.2712445,0.01538377,0.1778905,0,0,0,0.05,500,0.3,0.025,0.2,0.2,0.025,0.3,0.025,-0.2,0.2,0.025,0,0,0,0,1,6.37,0.00,0
3.278719,2.376328,0.2431034,0.0127254,0.1958849,306.83,27.99,11.18,0.02,2.134202,0.3003804,0.0260096,0.1638554,301.86,245.68,355.74,0.02,0.2723044,0.01588064,0.1776966,0,0,0,0.05,500,0.3,0.025,0.2,0.2,0.025,0.3,0.025,-0.2,0.2,0.025,0,0,0,0,1,6.37,0.00,0
3.289887,2.317449,0.244221,0.01305561,0.1957833,306.17,28.23,11.01,0.02,4.053769,0.3000502,0.02590801,0.1639824,302.21,245.74,355.85,0.02,0.2729822,0.01577019,0.1773205,0,0,0,0.05,500,0.3,0.025,0.2,0.2,0.025,0.3,0.025,-0.2,0.2,0.025,0,0,0,0,1,6.37,0.00,0
3.300657,5.159817,0.2449068,0.0133858,0.1957833,305.75,28.38999,10.90001,0.02,5.675081,0.2998216,0.02578101,0.1644142,302.37,245.81,355.91,0.02,0.2734794,0.0163612,0.1778265,0,0,0,0.05,500,0.3,0.025,0.2,0.2,0.025,0.3,0.025,-0.2,0.2,0.025,0,0,0,0,1,6.37,0.00,0
3.310624,5.159817,0.2449068,0.0133858,0.1957833,305.75,28.38999,10.90001,0.02,5.675081,0.2998216,0.02578101,0.1644142,302.37,245.81,355.91,0.02,0.2734794,0.0163612,0.1778265,0,0,0,0.05,500,0.3,0.025,0.2,0.2,0.025,0.3,0.025,-0.2,0.2,0.025,0,0,0,0,1,6.37,0.00,0
3.328835,5.899436,0.2465832,0.0140716,0.1956817,304.91,28.7,10.66,0.02,7.088519,0.2994914,0.02555241,0.1651,302.74,246.07,356.11,0.02,0.273205,0.01628968,0.1777101,0,0,0,0.05,500,0.3,0.025,0.2,0.2,0.025,0.3,0.025,-0.2,0.2,0.025,0,0,0,0,1,6.37,0.00,0
3.338108,15.28392,0.2481326,0.0148336,0.1956817,304.21,29.07,10.44,0.02,10.9698,0.2992628,0.0254508,0.1656334,303.05,246.38,356.33,0.02,0.274249,0.01624656,0.1797516,0,0,0,0.05,500,0.3,0.025,0.2,0.2,0.025,0.3,0.025,-0.2,0.2,0.025,0,0,0,0,1,6.37,0.00,0
3.346882,18.40428,0.248793,0.0151892,0.1956817,303.95,29.25001,10.35,0.02,20.24224,0.2992628,0.0253492,0.1657604,303.22,246.51,356.42,0.02,0.2727562,0.01626628,0.1773596,0,0,0,0.05,500,0.3,0.025,0.2,0.2,0.025,0.3,0.025,-0.2,0.2,0.025,0,0,0,0,1,6.37,0.00,0
3.356749,30.9092,0.249809,0.01574801,0.1955547,303.51,29.53,10.22,0.02,26.6351,0.2990342,0.0253492,0.165989,303.46,246.71,356.57,0.02,0.2752044,0.01650565,0.181159,0,0,0,0.05,500,0.3,0.025,0.2,0.2,0.025,0.3,0.025,-0.2,0.2,0.025,0,0,0,0,1,6.37,0.00,0
3.369939,39.01978,0.2504694,0.0161798,0.1954531,303.22,29.77,10.13,0.02,40.03439,0.2989326,0.0253492,0.1661922,303.66,246.82,356.68,0.02,0.2722974,0.01637371,0.1757942,0,0,0,0.05,500,0.3,0.025,0.2,0.2,0.025,0.3,0.025,-0.2,0.2,0.025,0,0,0,0,1,6.37,0.00,0
3.382085,57.14758,0.2511552,0.016637,0.1953261,302.94,29.99,10.02,0.02,55.81388,0.298704,0.0252222,0.1664208,303.99,247.02,356.84,0.02,0.2770731,0.01635106,0.1828839,0,0,0,0.05,500,0.3,0.025,0.2,0.2,0.025,0.3,0.025,-0.2,0.2,0.025,0,0,0,0,1,6.37,0.00,0
3.394546,73.33475,0.2522728,0.0174244,0.1952244,302.45,30.32001,9.889997,0.02,76.86888,0.298577,0.0253492,0.1665478,304.23,247.13,356.92,0.02,0.2712871,0.01684296,0.1729002,0,0,0,0.05,500,0.3,0.025,0.2,0.2,0.025,0.3,0.025,-0.2,0.2,0.025,0,0,0,0,1,6.37,0.00,0
3.407401,107.5782,0.2541524,0.0187452,0.1947673,301.77,30.87,9.690003,0.02,100.7225,0.2984754,0.02555241,0.1666494,304.74,247.39,357.1,0.02,0.2802815,0.01612652,0.1846473,0,0,0,0.05,500,0.3,0.025,0.2,0.2,0.025,0.3,0.025,-0.2,0.2,0.025,0,0,0,0,1,6.37,0.00,0
3.419832,127.8282,0.2548382,0.01930401,0.1945641,301.53,31.07,9.619997,0.02,131.7332,0.2984754,0.02578101,0.166751,304.89,247.48,357.17,0.02,0.2704372,0.01624722,0.1678828,0,0,0,0.05,500,0.3,0.025,0.2,0.2,0.025,0.3,0.025,-0.2,0.2,0.025,0,0,0,0,1,6.37,0.00,0
3.434296,164.4394,0.2554986,0.0199898,0.1944371,301.33,31.25,9.579999,0.02,164.9735,0.2984754,0.0261112,0.166751,305.07,247.59,357.21,0.02,0.2671466,0.01414488,0.1622102,0,0,0,0.05,500,0.3,0.025,0.2,0.2,0.025,0.3,0.025,-0.2,0.2,0.025,0,0,0,0,1,6.37,0.00,0
3.449422,190.2298,0.257175,0.0215392,0.1940053,300.92,31.73,9.430004,0.02,178.7819,0.2988056,0.026797,0.166751,305.35,247.85,357.28,0.02,0.2782546,0.004355782,0.1744761,0,0,0,0.05,500,0.3,0.025,0.2,0.2,0.025,0.3,0.025,-0.2,0.2,0.025,0,0,0,0,1,6.37,0.00,0
3.463795,169.2769,0.258064,0.0225552,0.1937767,300.72,31.97,9.320001,0.02,171.9102,0.2990342,0.02735581,0.166751,305.49,248.03,357.3,0.02,0.2641831,0.01558321,0.154252,0,0,0,0.05,500,0.3,0.025,0.2,0.2,0.025,0.3,0.025,-0.2,0.2,0.025,0,0,0,0,1,6.37,0.00,0
3.486739,0,0.25908,0.024003,0.1936751,300.45,32.3,9.179999,0.02,0,0.2994914,0.0283464,0.166751,305.62,248.27,357.3,0.02,0.2447262,0.02990063,0.1262878,0,0,0,0.05,500,0.3,0.025,0.2,0.2,0.025,0.3,0.025,-0.2,0.2,0.025,0,0,0,0,1,6.37,0.00,0
3.494839,0,0.2604008,0.0260096,0.1933195,300.17,32.64999,8.990007,0.02,0,0.3001518,0.02969261,0.1666494,305.68,248.6,357.23,0.02,0.2381055,0.03307114,0.1167722,0,0,0,0.05,500,0.3,0.025,0.2,0.2,0.025,0.3,0.025,-0.2,0.2,0.025,0,0,0,0,1,6.37,0.00,0
3.502934,0,0.2604008,0.0260096,0.1933195,300.17,32.64999,8.990007,0.02,0,0.3001518,0.02969261,0.1666494,305.68,248.6,357.23,0.02,0.232956,0.03432598,0.1093712,0,0,0,0.05,500,0.3,0.025,0.2,0.2,0.025,0.3,0.025,-0.2,0.2,0.025,0,0,0,0,1,6.37,0.00,0
3.512882,0,0.2610866,0.0272288,0.1929893,300.04,32.85,8.900004,0.02,0,0.3007106,0.0306832,0.1665478,305.66,248.82,357.19,0.02,0.2289509,0.03409086,0.1036149,0,0,0,0.05,500,0.3,0.025,0.2,0.2,0.025,0.3,0.025,-0.2,0.2,0.025,0,0,0,0,1,6.37,0.00,0
3.524113,0,0.2616454,0.02801621,0.1928877,299.97,32.98001,8.809997,0.02,0,0.3011424,0.0314706,0.1664208,305.66,248.99,357.14,0.02,0.2258358,0.03269688,0.09913769,0,0,0,0.05,500,0.3,0.025,0.2,0.2,0.025,0.3,0.025,-0.2,0.2,0.025,0,0,0,0,1,6.37,0.00,0
3.533741,0,0.2620772,0.0289052,0.1926591,299.9,33.11,8.749999,0.02,0,0.3018282,0.0325882,0.1660906,305.62,249.26,357.08,0.02,0.2234129,0.03040156,0.09565546,0,0,0,0.05,500,0.3,0.025,0.2,0.2,0.025,0.3,0.025,-0.2,0.2,0.025,0,0,0,0,1,6.37,0.00,0
3.543856,0,0.2620772,0.0289052,0.1926591,299.9,33.11,8.749999,0.02,0,0.3018282,0.0325882,0.1660906,305.62,249.26,357.08,0.02,0.2234129,0.03040156,0.09565546,0,0,0,0.05,500,0.3,0.025,0.2,0.2,0.025,0.3,0.025,-0.2,0.2,0.025,0,0,0,0,1,6.37,0.00,0
3.554951,0,0.2640838,0.0325882,0.1917701,299.73,33.73,8.480003,0.02,0,0.3036062,0.0351536,0.1653032,305.53,249.87,356.95,0.02,0.2215285,0.02740519,0.09294706,0,0,0,0.05,500,0.3,0.025,0.2,0.2,0.025,0.3,0.025,-0.2,0.2,0.025,0,0,0,0,1,6.37,0.00,0
3.564564,0,0.2646426,0.0337058,0.1915414,299.69,33.90001,8.419998,0.02,0,0.3040634,0.0360426,0.1651,305.51,250.07,356.92,0.02,0.2200628,0.02386358,0.09084052,0,0,0,0.05,500,0.3,0.025,0.2,0.2,0.025,0.3,0.025,-0.2,0.2,0.025,0,0,0,0,1,6.37,0.00,0
3.575937,0,0.2652014,0.03472181,0.1913129,299.64,34.08001,8.349997,0.02,0,0.3048254,0.03728721,0.1647444,305.46,250.33,356.86,0.02,0.2189228,0.02003818,0.0892021,0,0,0,0.05,500,0.3,0.025,0.2,0.2,0.025,0.3,0.025,-0.2,0.2,0.025,0,0,0,0,1,6.37,0.00,0
3.585838,0,0.2661158,0.0362712,0.1908811,299.58,34.37001,8.199997,0.02,0,0.3052826,0.0380746,0.1645412,305.44,250.51,356.81,0.02,0.2180362,0.01646433,0.08792777,0,0,0,0.05,500,0.3,0.025,0.2,0.2,0.025,0.3,0.025,-0.2,0.2,0.025,0,0,0,0,1,6.37,0.00,0
3.596548,0,0.2666746,0.03728721,0.1906525,299.51,34.56001,8.089994,0.02,0,0.3057398,0.0389636,0.1643126,305.44,250.66,356.75,0.02,0.2173465,0.01352734,0.08693663,0,0,0,0.05,500,0.3,0.025,0.2,0.2,0.025,0.3,0.025,-0.2,0.2,0.025,0,0,0,0,1,6.37,0.00,0
3.60717,0,0.2676652,0.0389636,0.1901953,299.4,34.91001,7.929996,0.02,0,0.3065018,0.04028441,0.1639824,305.44,250.93,356.68,0.02,0.2168102,0.01144828,0.08616574,0,0,0,0.05,500,0.3,0.025,0.2,0.2,0.025,0.3,0.025,-0.2,0.2,0.025,0,0,0,0,1,6.37,0.00,0
3.616414,0,0.268224,0.0400812,0.1899667,299.31,35.13,7.82,0.02,0,0.306959,0.0411988,0.1637538,305.44,251.08,356.62,0.02,0.216393,0.01029318,0.08556616,0,0,0,0.05,500,0.3,0.025,0.2,0.2,0.025,0.3,0.025,-0.2,0.2,0.025,0,0,0,0,1,6.37,0.00,0
3.636279,0,0.2688844,0.0411988,0.1896365,299.25,35.34999,7.709994,0.02,0,0.3076194,0.0426466,0.1634236,305.44,251.32,356.51,0.02,0.2158162,0.01041157,0.08473711,0,0,0,0.05,500,0.3,0.025,0.2,0.2,0.025,0.3,0.025,-0.2,0.2,0.025,0,0,0,0,1,6.37,0.00,0
3.644336,0,0.2688844,0.0411988,0.1896365,299.25,35.34999,7.709994,0.02,0,0.3076194,0.0426466,0.1634236,305.44,251.32,356.51,0.02,0.2158162,0.01041157,0.08473711,0,0,0,0.05,500,0.3,0.025,0.2,0.2,0.025,0.3,0.025,-0.2,0.2,0.025,0,0,0,0,1,6.37,0.00,0
3.652829,0,0.2705608,0.0440944,0.1889761,299,35.92999,7.469999,0.02,0,0.3085084,0.0445262,0.163068,305.46,251.63,356.37,0.02,0.2156199,0.01132215,0.08445501,0,0,0,0.05,500,0.3,0.025,0.2,0.2,0.025,0.3,0.025,-0.2,0.2,0.025,0,0,0,0,1,6.37,0.00,0
3.662416,0,0.2714752,0.04599941,0.1884173,298.87,36.23001,7.319999,0.02,0,0.3092958,0.04599941,0.1626362,305.46,251.87,356.26,0.02,0.2154672,0.01250789,0.08423559,0,0,0,0.05,500,0.3,0.025,0.2,0.2,0.025,0.3,0.025,-0.2,0.2,0.025,0,0,0,0,1,6.37,0.00,0
3.673317,0,0.2721356,0.04709162,0.1881886,298.76,36.45,7.230005,0.02,0,0.309753,0.04699001,0.1624076,305.44,252.05,356.2,0.02,0.2153485,0.01376126,0.08406493,0,0,0,0.05,500,0.3,0.025,0.2,0.2,0.025,0.3,0.025,-0.2,0.2,0.025,0,0,0,0,1,6.37,0.00,0
3.683393,0,0.272796,0.04833621,0.1878585,298.7,36.67001,7.140003,0.02,0,0.310642,0.0484378,0.1620774,305.44,252.31,356.09,0.02,0.2152561,0.01491248,0.0839322,0,0,0,0.05,500,0.3,0.025,0.2,0.2,0.025,0.3,0.025,-0.2,0.2,0.025,0,0,0,0,1,6.37,0.00,0
3.693402,0,0.273812,0.05011423,0.1872996,298.59,36.99999,6.990011,0.02,0,0.3112008,0.04945381,0.1617472,305.42,252.49,356.02,0.02,0.2151843,0.01584215,0.08382896,0,0,0,0.05,500,0.3,0.025,0.2,0.2,0.025,0.3,0.025,-0.2,0.2,0.025,0,0,0,0,1,6.37,0.00,0
3.704691,0,0.27559,0.05313683,0.1865122,298.34,37.54999,6.770001,0.02,0,0.3117596,0.05044442,0.1615186,305.38,252.66,355.96,0.02,0.2151285,0.0164847,0.08374867,0,0,0,0.05,500,0.3,0.025,0.2,0.2,0.025,0.3,0.025,-0.2,0.2,0.025,0,0,0,0,1,6.37,0.00,0
3.717813,0,0.2762504,0.05435601,0.186182,298.23,37.77,6.679996,0.02,0,0.3126486,0.05189222,0.1611884,305.31,252.95,355.85,0.02,0.215085,0.01682463,0.08368622,0,0,0,0.05,500,0.3,0.025,0.2,0.2,0.025,0.3,0.025,-0.2,0.2,0.025,0,0,0,0,1,6.37,0.00,0
3.732591,0,0.2770378,0.05557522,0.1858518,298.12,37.99,6.590001,0.02,0,0.3142234,0.05448301,0.1605026,305.18,253.41,355.65,0.02,0.2150512,0.01688721,0.08363765,0,0,0,0.05,500,0.3,0.025,0.2,0.2,0.025,0.3,0.025,-0.2,0.2,0.025,0,0,0,0,1,0.00,0.00,0
3.746563,0,0.2789428,0.05872482,0.1849628,297.88,38.52002,6.369992,0.02,0,0.3155442,0.0564896,0.1599438,305.07,253.78,355.5,0.02,0.2150045,0.01641157,0.08357048,0,0,0,0.05,500,0.3,0.025,0.2,0.2,0.025,0.3,0.025,-0.2,0.2,0.025,0,0,0,0,1,0.00,0.00,0
3.755384,0,0.2789428,0.05872482,0.1849628,297.88,38.52002,6.369992,0.02,0,0.3155442,0.0564896,0.1599438,305.07,253.78,355.5,0.02,0.2150045,0.01641157,0.08357048,0,0,0,0.05,500,0.3,0.025,0.2,0.2,0.025,0.3,0.025,-0.2,0.2,0.025,0,0,0,0,1,0.00,0.00,0
3.762893,0,0.2800604,0.06060441,0.184404,297.71,38.83,6.240002,0.02,0,0.3165602,0.05816601,0.159512,304.94,254.07,355.36,0.02,0.2149886,0.01601592,0.08354763,0,0,0,0.05,500,0.3,0.025,0.2,0.2,0.025,0.3,0.025,-0.2,0.2,0.025,0,0,0,0,1,0.00,0.00,0
3.774062,0,0.2807208,0.06184901,0.1840738,297.62,39.02,6.130002,0.02,0,0.3172206,0.05915663,0.1592834,304.85,254.25,355.25,0.02,0.2149762,0.01560624,0.08352985,0,0,0,0.05,500,0.3,0.025,0.2,0.2,0.025,0.3,0.025,-0.2,0.2,0.025,0,0,0,0,1,0.00,0.00,0
3.790963,0,0.2814066,0.06306821,0.1837182,297.53,39.2,6.040006,0.02,0,0.3183382,0.06083301,0.1588262,304.67,254.51,355.08,0.02,0.2149591,0.01494269,0.08350527,0,0,0,0.05,500,0.3,0.025,0.2,0.2,0.025,0.3,0.025,-0.2,0.2,0.025,0,0,0,0,1,0.00,0.00,0
3.798992,0,0.2814066,0.06306821,0.1837182,297.53,39.2,6.040006,0.02,0,0.3183382,0.06083301,0.1588262,304.67,254.51,355.08,0.02,0.2149591,0.01494269,0.08350527,0,0,0,0.05,500,0.3,0.025,0.2,0.2,0.025,0.3,0.025,-0.2,0.2,0.025,0,0,0,0,1,,0.00,0
3.80985,0,0.283845,0.0678688,0.182499,297.22,39.73,5.630001,0.02,0,0.3211322,0.0646176,0.1577086,303.99,255.08,354.62,0.02,0.2149533,0.01474494,0.08349691,0,0,0,0.05,500,0.3,0.025,0.2,0.2,0.025,0.3,0.025,-0.2,0.2,0.025,0,0,0,0,1,,0.00,0
3.818885,0,0.2843022,0.06885943,0.1821688,297.2,39.81,5.52,0.02,0,0.3220212,0.06573522,0.1575054,303.68,255.23,354.46,0.02,0.2149487,0.01464608,0.0834904,0,0,0,0.05,500,0.3,0.025,0.2,0.2,0.025,0.3,0.025,-0.2,0.2,0.025,0,0,0,0,1,,0.00,0
3.827117,0,0.2845308,0.069977,0.1820418,297.16,39.84,5.410007,0.02,0,0.3233674,0.06720841,0.1569466,303.2,255.45,354.27,0.02,0.2149452,0.01463634,0.08348534,0,0,0,0.05,500,0.3,0.025,0.2,0.2,0.025,0.3,0.025,-0.2,0.2,0.025,0,0,0,0,1,,0.00,0
3.838437,0,0.284861,0.0714502,0.18161,297.29,39.85999,5.30001,0.02,0,0.3243834,0.06819901,0.1563878,302.85,255.63,354.16,0.02,0.2149425,0.01469711,0.08348141,0,0,0,0.05,500,0.3,0.025,0.2,0.2,0.025,0.3,0.025,-0.2,0.2,0.025,0,0,0,0,1,,0.00,0
3.847888,0,0.2849626,0.0724408,0.1812798,297.42,39.84,5.25,0.02,0,0.3254756,0.06921501,0.1559306,302.41,255.78,354.09,0.02,0.2149404,0.01480523,0.08347835,0,0,0,0.05,500,0.3,0.025,0.2,0.2,0.025,0.3,0.025,-0.2,0.2,0.025,0,0,0,0,1,,0.00,0
3.859208,0,0.284861,0.07366,0.180721,297.71,39.73,5.210001,0.02,0,0.327152,0.07043421,0.1550416,301.71,256.03,353.96,0.02,0.2149387,0.01493683,0.08347596,0,0,0,0.05,500,0.3,0.025,0.2,0.2,0.025,0.3,0.025,-0.2,0.2,0.025,0,0,0,0,1,,0.00,0
3.869204,0,0.284734,0.07434583,0.1802638,297.97,39.62001,5.230001,0.02,0,0.3282696,0.07109462,0.1543812,301.16,256.22,353.91,0.02,0.2149374,0.01507044,0.08347411,0,0,0,0.05,500,0.3,0.025,0.2,0.2,0.025,0.3,0.025,-0.2,0.2,0.025,0,0,0,0,1,,0.00,0
3.880023,0,0.2844038,0.0750062,0.1800352,298.19,39.44,5.23,0.02,0,0.3301746,0.07211062,0.1533652,300.28,256.49,353.85,0.02,0.2149364,0.01518912,0.08347267,0,0,0,0.05,500,0.3,0.025,0.2,0.2,0.025,0.3,0.025,-0.2,0.2,0.025,0,0,0,0,1,,0.00,0
3.889986,0,0.283845,0.07566661,0.1794764,298.54,39.18001,5.320001,0.02,0,0.3315208,0.07266942,0.1524762,299.66,256.64,353.83,0.02,0.2149356,0.01528153,0.08347155,0,0,0,0.05,500,0.3,0.025,0.2,0.2,0.025,0.3,0.025,-0.2,0.2,0.025,0,0,0,0,1,,0.00,0
3.899691,0,0.283845,0.07566661,0.1794764,298.54,39.18001,5.320001,0.02,0,0.3315208,0.07266942,0.1524762,299.66,256.64,353.83,0.02,0.2149356,0.01528153,0.08347155,0,0,0,0.05,500,0.3,0.025,0.2,0.2,0.025,0.3,0.025,-0.2,0.2,0.025,0,0,0,0,1,,0.00,0
3.911353,0,0.2825242,0.0763524,0.1784858,299.18,38.58,5.540002,0.02,0,0.3348736,0.07388861,0.1503426,297.77,256.93,353.87,0.02,0.2149346,0.01537045,0.08347,0,0,0,0.05,500,0.3,0.025,0.2,0.2,0.025,0.3,0.025,-0.2,0.2,0.025,0,0,0,0,1,,0.00,0
3.921015,0,0.2825242,0.0763524,0.1784858,299.18,38.58,5.540002,0.02,0,0.3348736,0.07388861,0.1503426,297.77,256.93,353.87,0.02,0.2149346,0.01537045,0.08347,0,0,0,0.05,500,0.3,0.025,0.2,0.2,0.025,0.3,0.025,-0.2,0.2,0.025,0,0,0,0,1,,0.00,0
3.931663,0,0.280162,0.07658103,0.1772666,299.95,37.66,5.870006,0.02,0,0.338201,0.07411721,0.1480058,295.62,257.12,353.98,0.02,0.2149342,0.01537021,0.08346947,0,0,0,0.05,500,0.3,0.025,0.2,0.2,0.025,0.3,0.025,-0.2,0.2,0.025,0,0,0,0,1,,0.00,0
3.949831,0,0.2778252,0.0761238,0.1762506,300.67,36.83,6.219999,0.02,0,0.3395472,0.07401562,0.1471168,294.7,257.17,354.07,0.02,0.2149337,0.01531085,0.08346874,0,0,0,0.05,500,0.3,0.025,0.2,0.2,0.025,0.3,0.025,-0.2,0.2,0.025,0,0,0,0,1,,0.00,0
3.958974,0,0.2740406,0.07467601,0.1745742,302.04,35.73001,6.859995,0.02,0,0.3423412,0.07332981,0.1445514,292.37,257.15,354.48,0.02,0.2149335,0.01526721,0.0834685,0,0,0,0.05,500,0.3,0.025,0.2,0.2,0.025,0.3,0.025,-0.2,0.2,0.025,0,0,0,0,1,,0.00,0
3.968009,0,0.2723642,0.073787,0.1739138,302.67,35.31,7.140001,0.02,0,0.3432302,0.07277101,0.1434338,291.51,257.12,354.66,0.02,0.2149334,0.01522374,0.0834683,0,0,0,0.05,500,0.3,0.025,0.2,0.2,0.025,0.3,0.025,-0.2,0.2,0.025,0,0,0,0,1,,0.00,0
3.97648,0,0.2723642,0.073787,0.1739138,302.67,35.31,7.140001,0.02,0,0.3432302,0.07277101,0.1434338,291.51,257.12,354.66,0.02,0.2149334,0.01522374,0.0834683,0,0,0,0.05,500,0.3,0.025,0.2,0.2,0.025,0.3,0.025,-0.2,0.2,0.025,0,0,0,0,1,,0.00,0
3.987117,0,0.2678938,0.07109462,0.172466,304.23,34.32,7.910003,0.02,0,0.3449066,0.07109462,0.14097,289.42,256.88,355.17,0.02,0.2149333,0.01518576,0.08346815,0,0,0,0.05,500,0.3,0.025,0.2,0.2,0.025,0.3,0.025,-0.2,0.2,0.025,0,0,0,0,1,,0.00,0
3.996389,0,0.2661158,0.06997702,0.1717802,304.87,33.99001,8.26,0.02,0,0.3453638,0.07033262,0.1398524,288.74,256.77,355.41,0.02,0.2149332,0.01515674,0.08346803,0,0,0,0.05,500,0.3,0.025,0.2,0.2,0.025,0.3,0.025,-0.2,0.2,0.025,0,0,0,0,1,,0.00,0
4.007879,0,0.2634234,0.06809741,0.1708912,305.73,33.51,8.79,0.02,0,0.345567,0.06898642,0.1384046,287.84,256.53,355.72,0.02,0.2149331,0.01513828,0.08346795,0,0,0,0.05,500,0.3,0.025,0.2,0.2,0.025,0.3,0.025,-0.2,0.2,0.025,0,0,0,0,1,,0.00,0
4.017162,0,0.2616454,0.06675121,0.1703324,306.23,33.22,9.119996,0.02,0,0.345567,0.06809741,0.137414,287.31,256.33,355.94,0.02,0.2149331,0.01513031,0.08346788,0,0,0,0.05,500,0.3,0.025,0.2,0.2,0.025,0.3,0.025,-0.2,0.2,0.025,0,0,0,0,1,,0.00,0
4.0274,0,0.259842,0.06540501,0.1698752,306.69,32.94,9.449995,0.02,0,0.3453638,0.06675121,0.1361694,286.63,256.03,356.22,0.02,0.214933,0.01513148,0.08346783,0,0,0,0.05,500,0.3,0.025,0.2,0.2,0.025,0.3,0.025,-0.2,0.2,0.025,0,0,0,0,1,,0.00,0
4.038766,0,0.257175,0.06350002,0.1691132,307.31,32.52001,9.909995,0.02,0,0.3450082,0.06573522,0.1354074,286.19,255.81,356.42,0.02,0.214933,0.01513961,0.08346778,0,0,0,0.05,500,0.3,0.025,0.2,0.2,0.025,0.3,0.025,-0.2,0.2,0.025,0,0,0,0,1,,0.00,0
4.048237,0,0.255397,0.06217922,0.168783,307.71,32.26,10.2,0.02,0,0.3445764,0.06484622,0.13462,285.84,255.59,356.64,0.02,0.214933,0.01515216,0.08346775,0,0,0,0.05,500,0.3,0.025,0.2,0.2,0.025,0.3,0.025,-0.2,0.2,0.025,0,0,0,0,1,,0.00,0
4.059817,0,0.2527046,0.06027421,0.1680972,308.28,31.84,10.59,0.02,0,0.343916,0.06339842,0.1333754,285.31,255.23,356.9,0.02,0.214933,0.01516659,0.08346773,0,0,0,0.05,500,0.3,0.025,0.2,0.2,0.025,0.3,0.025,-0.2,0.2,0.025,0,0,0,0,1,,0.00,0
4.06964,0,0.2509266,0.05905502,0.167767,308.65,31.55,10.81,0.02,0,0.3433572,0.06240782,0.1326134,284.96,255.01,357.08,0.02,0.2149329,0.0151807,0.08346771,0,0,0,0.05,500,0.3,0.025,0.2,0.2,0.025,0.3,0.025,-0.2,0.2,0.025,0,0,0,0,1,,0.00,0
4.080338,0,0.2491486,0.05781043,0.1673098,309.02,31.29,11.01,0.02,0,0.3423412,0.06106161,0.1314958,284.48,254.64,357.34,0.02,0.2149329,0.01519283,0.08346769,0,0,0,0.05,500,0.3,0.025,0.2,0.2,0.025,0.3,0.025,-0.2,0.2,0.025,0,0,0,0,1,,0.00,0
4.091015,0,0.2464562,0.05593082,0.166751,309.62,30.89001,11.27,0.02,0,0.3416808,0.06017262,0.13081,284.15,254.42,357.5,0.02,0.2149329,0.01520191,0.08346768,0,0,0,0.05,500,0.3,0.025,0.2,0.2,0.025,0.3,0.025,-0.2,0.2,0.025,0,0,0,0,1,,0.00,0
4.108436,0,0.2446782,0.05481321,0.1663192,309.99,30.63,11.45,0.02,0,0.3408934,0.05915663,0.1301496,283.84,254.2,357.63,0.02,0.2149329,0.0152075,0.08346767,0,0,0,0.05,500,0.3,0.025,0.2,0.2,0.025,0.3,0.025,-0.2,0.2,0.025,0,0,0,0,1,,0.00,0
4.116208,0,0.240665,0.0521208,0.1651,310.74,30.08,11.8,0.02,0,0.3389884,0.05715001,0.1282446,283.21,253.65,357.93,0.02,0.2149329,0.01520969,0.08346766,0,0,0,0.05,500,0.3,0.025,0.2,0.2,0.025,0.3,0.025,-0.2,0.2,0.025,0,0,0,0,1,,0.00,0
4.124295,0,0.240665,0.0521208,0.1651,310.74,30.08,11.8,0.02,0,0.3389884,0.05715001,0.1282446,283.21,253.65,357.93,0.02,0.2149329,0.01520896,0.08346765,0,0,0,0.05,500,0.3,0.025,0.2,0.2,0.025,0.3,0.025,-0.2,0.2,0.025,0,0,0,0,1,,0.00,0
4.134134,0,0.2390902,0.05113021,0.1644142,310.96,29.88001,11.95,0.02,0,0.3376422,0.0560324,0.127254,282.9,253.37,358.07,0.02,0.2149329,0.01520606,0.08346765,0,0,0,0.05,500,0.3,0.025,0.2,0.2,0.025,0.3,0.025,-0.2,0.2,0.025,0,0,0,0,1,,0.00,0
4.145118,0,0.2356358,0.04889502,0.1629664,311.15,29.42,12.28,0.02,0,0.3358642,0.05481321,0.1259078,282.57,253.04,358.2,0.02,0.2149329,0.01520181,0.08346765,0,0,0,0.05,500,0.3,0.025,0.2,0.2,0.025,0.3,0.025,-0.2,0.2,0.025,0,0,0,0,1,,0.00,0
4.155404,0,0.2356358,0.04889502,0.1629664,311.15,29.42,12.28,0.02,0,0.3358642,0.05481321,0.1259078,282.57,253.04,358.2,0.02,0.2149329,0.01520181,0.08346765,0,0,0,0.05,500,0.3,0.025,0.2,0.2,0.025,0.3,0.025,-0.2,0.2,0.025,0,0,0,0,1,,0.00,0
4.166003,0,0.2325116,0.04699001,0.1610614,311,29.03,12.63,0.02,0,0.3334004,0.05369562,0.1242314,282.24,252.62,358.33,0.02,0.2149329,0.01519705,0.08346765,0,0,0,0.05,500,0.3,0.025,0.2,0.2,0.025,0.3,0.025,-0.2,0.2,0.025,0,0,0,0,1,,0.00,0
4.176204,0,0.231267,0.0462026,0.1602994,310.87,28.87,12.79,0.02,0,0.3319526,0.05300981,0.1232408,282.06,252.4,358.4,0.02,0.2149329,0.01519248,0.08346765,0,0,0,0.05,500,0.3,0.025,0.2,0.2,0.025,0.3,0.025,-0.2,0.2,0.025,0,0,0,0,1,,0.00,0
4.186316,0,0.229616,0.045212,0.1590548,310.65,28.65,13.03,0.02,0,0.330962,0.05267961,0.122555,281.95,252.27,358.44,0.02,0.2149329,0.01518862,0.08346765,0,0,0,0.05,500,0.3,0.025,0.2,0.2,0.025,0.3,0.025,-0.2,0.2,0.025,0,0,0,0,1,,0.00,0
4.19699,0,0.2284984,0.0445262,0.1582674,310.5,28.52,13.18,0.02,0,0.329946,0.05234942,0.1218946,281.8199,252.14,358.48,0.02,0.2149329,0.01518579,0.08346765,0,0,0,0.05,500,0.3,0.025,0.2,0.2,0.025,0.3,0.025,-0.2,0.2,0.025,0,0,0,0,1,,0.00,0
4.207083,0,0.226822,0.0436372,0.1569466,310.25,28.37,13.43,0.02,0,0.3284982,0.05179061,0.1208786,281.65,251.98,358.59,0.02,0.2149329,0.0151841,0.08346765,0,0,0,0.05,500,0.3,0.025,0.2,0.2,0.025,0.3,0.025,-0.2,0.2,0.025,0,0,0,0,1,,0.00,0
4.218246,0,0.2257044,0.04297681,0.1560576,310.12,28.28,13.6,0.02,0,0.3276092,0.05146042,0.1202182,281.5399,251.89,358.66,0.02,0.2149329,0.01518352,0.08346765,0,0,0,0.05,500,0.3,0.025,0.2,0.2,0.025,0.3,0.025,-0.2,0.2,0.025,0,0,0,0,1,,0.00,0
4.227827,0,0.224028,0.0421894,0.154813,309.92,28.17,13.84,0.02,0,0.3260344,0.05100321,0.1191006,281.36,251.81,358.79,0.02,0.2149329,0.01518387,0.08346765,0,0,0,0.05,500,0.3,0.025,0.2,0.2,0.025,0.3,0.025,-0.2,0.2,0.025,0,0,0,0,1,,0.00,0
4.239035,0,0.2229104,0.04175761,0.153924,309.79,28.13,14,0.02,0,0.3250438,0.05067302,0.1184402,281.23,251.76,358.88,0.02,0.2149329,0.0151849,0.08346765,0,0,0,0.05,500,0.3,0.025,0.2,0.2,0.025,0.3,0.025,-0.2,0.2,0.025,0,0,0,0,1,,0.00,0
4.248701,0,0.2218944,0.0413004,0.153035,309.66,28.1,14.15,0.02,0,0.3240278,0.05034281,0.1176528,281.16,251.74,358.97,0.02,0.2149329,0.01518632,0.08346765,0,0,0,0.05,500,0.3,0.025,0.2,0.2,0.025,0.3,0.025,-0.2,0.2,0.025,0,0,0,0,1,,0.00,0
4.26729,0,0.220345,0.04064001,0.1518158,309.46,28.08,14.35,0.02,0,0.32258,0.04988562,0.1166368,281.05,251.72,359.1,0.02,0.2149329,0.01518937,0.08346765,0,0,0,0.05,500,0.3,0.025,0.2,0.2,0.025,0.3,0.025,-0.2,0.2,0.025,0,0,0,0,1,,0.00,0
4.275802,0,0.220345,0.04064001,0.1518158,309.46,28.08,14.35,0.02,0,0.32258,0.04988562,0.1166368,281.05,251.72,359.1,0.02,0.2149329,0.01518937,0.08346765,0,0,0,0.05,500,0.3,0.025,0.2,0.2,0.025,0.3,0.025,-0.2,0.2,0.025,0,0,0,0,1,,0.00,0
4.283866,0,0.2177796,0.0398526,0.1496822,309.09,28.1,14.66,0.02,0,0.319913,0.04922523,0.1148588,280.94,251.7,359.3,0.02,0.2149329,0.0151906,0.08346765,0,0,0,0.05,500,0.3,0.025,0.2,0.2,0.025,0.3,0.025,-0.2,0.2,0.025,0,0,0,0,1,,0.00,0
4.294029,0,0.2168906,0.03962401,0.1487932,308.91,28.13,14.77,0.02,0,0.318897,0.04899661,0.1140714,280.92,251.67,359.36,0.02,0.2149329,0.01519148,0.08346765,0,0,0,0.05,500,0.3,0.025,0.2,0.2,0.025,0.3,0.025,-0.2,0.2,0.025,0,0,0,0,1,,0.00,0
4.304028,0,0.2158746,0.03939541,0.1479042,308.69,28.15,14.88,0.02,0,0.3179064,0.04876801,0.1135126,280.85,251.67,359.43,0.02,0.2149329,0.01519198,0.08346765,0,0,0,0.05,500,0.3,0.025,0.2,0.2,0.025,0.3,0.025,-0.2,0.2,0.025,0,0,0,0,1,,0.00,0
4.313595,0,0.2146554,0.0389636,0.146558,308.32,28.17,15.03,0.02,0,0.3164332,0.04843781,0.112395,280.74,251.65,359.49,0.02,0.2149329,0.01519213,0.08346765,0,0,0,0.05,500,0.3,0.025,0.2,0.2,0.025,0.3,0.025,-0.2,0.2,0.025,0,0,0,0,1,,0.00,0
4.325217,0,0.2126488,0.03840481,0.1440942,307.6,28.15,15.27,0.02,0,0.3155442,0.04833622,0.1118362,280.66,251.63,359.52,0.02,0.2149329,0.01519198,0.08346765,0,0,0,0.05,500,0.3,0.025,0.2,0.2,0.025,0.3,0.025,-0.2,0.2,0.025,0,0,0,0,1,,0.00,0
4.334518,0,0.2118614,0.03817621,0.1431036,307.29,28.13001,15.36,0.02,0,0.3142234,0.04810762,0.1107186,280.5,251.59,359.54,0.02,0.2149329,0.01519162,0.08346765,0,0,0,0.05,500,0.3,0.025,0.2,0.2,0.025,0.3,0.025,-0.2,0.2,0.025,0,0,0,0,1,,0.00,0
4.34567,0,0.211074,0.03794761,0.1420876,306.98,28.10001,15.47,0.02,0,0.312547,0.04800601,0.1093978,280.26,251.5,359.56,0.02,0.2149329,0.01519114,0.08346765,0,0,0,0.05,500,0.3,0.025,0.2,0.2,0.025,0.3,0.025,-0.2,0.2,0.025,0,0,0,0,1,,0.00,0
4.355869,0,0.2099564,0.0376174,0.1405382,306.52,28.06,15.64,0.02,0,0.3113024,0.04777741,0.1082802,280.06,251.41,359.58,0.02,0.2149329,0.01519063,0.08346765,0,0,0,0.05,500,0.3,0.025,0.2,0.2,0.025,0.3,0.025,-0.2,0.2,0.025,0,0,0,0,1,,0.00,0
4.366405,0,0.2099564,0.0376174,0.1405382,306.52,28.06,15.64,0.02,0,0.3113024,0.04777741,0.1082802,280.06,251.41,359.58,0.02,0.2149329,0.01519063,0.08346765,0,0,0,0.05,500,0.3,0.025,0.2,0.2,0.025,0.3,0.025,-0.2,0.2,0.025,0,0,0,0,1,,0.00,0
4.376779,0,0.2081784,0.03695701,0.1378458,305.79,27.99,15.93,0.02,0,0.3090672,0.04744722,0.1063752,279.76,251.3,359.63,0.02,0.2149329,0.01519015,0.08346765,0,0,0,0.05,500,0.3,0.025,0.2,0.2,0.025,0.3,0.025,-0.2,0.2,0.025,0,0,0,0,1,,0.00,0
4.38675,0,0.207391,0.03683001,0.1368552,305.53,27.97,16.04,0.02,0,0.3083052,0.04732022,0.1055878,279.62,251.26,359.67,0.02,0.2149329,0.01518976,0.08346765,0,0,0,0.05,500,0.3,0.025,0.2,0.2,0.025,0.3,0.025,-0.2,0.2,0.025,0,0,0,0,1,,0.00,0
4.396752,0,0.2066036,0.03660141,0.1358392,305.29,27.95,16.13,0.02,0,0.3074162,0.04721861,0.1048004,279.5399,251.24,359.71,0.02,0.2149329,0.01518949,0.08346765,0,0,0,0.05,500,0.3,0.025,0.2,0.2,0.025,0.3,0.025,-0.2,0.2,0.025,0,0,0,0,1,,0.00,0
4.408333,0,0.205486,0.0362712,0.1343914,304.96,27.91,16.28,0.02,0,0.30607,0.04699001,0.1035812,279.3999,251.19,359.76,0.02,0.2149329,0.01518934,0.08346765,0,0,0,0.05,500,0.3,0.025,0.2,0.2,0.025,0.3,0.025,-0.2,0.2,0.025,0,0,0,0,1,,0.00,0
4.426008,0,0.204597,0.0361696,0.1333754,304.76,27.88,16.39,0.02,0,0.305181,0.04688841,0.1027938,279.32,251.15,359.8,0.02,0.2149329,0.01518936,0.08346765,0,0,0,0.05,500,0.3,0.025,0.2,0.2,0.025,0.3,0.025,-0.2,0.2,0.025,0,0,0,0,1,,0.00,0
4.433908,0,0.2033778,0.035941,0.1320546,304.5,27.86001,16.5,0.02,0,0.3038348,0.04676141,0.1015746,279.21,251.13,359.87,0.02,0.2149329,0.01518949,0.08346765,0,0,0,0.05,500,0.3,0.025,0.2,0.2,0.025,0.3,0.025,-0.2,0.2,0.025,0,0,0,0,1,,0.00,0
4.441953,0,0.2033778,0.035941,0.1320546,304.5,27.86001,16.5,0.02,0,0.3038348,0.04676141,0.1015746,279.21,251.13,359.87,0.02,0.2149329,0.01518949,0.08346765,0,0,0,0.05,500,0.3,0.025,0.2,0.2,0.025,0.3,0.025,-0.2,0.2,0.025,0,0,0,0,1,,0.00,0
4.45184,0,0.201803,0.03583941,0.1302512,304.17,27.8,16.61,0.02,0,0.3020568,0.04665981,0.1000252,279.03,251.0601,359.9099,0.02,0.2149329,0.01518965,0.08346765,0,0,0,0.05,500,0.3,0.025,0.2,0.2,0.025,0.3,0.025,-0.2,0.2,0.025,0,0,0,0,1,,0.00,0
4.463672,0,0.2005838,0.03561081,0.1289304,303.95,27.75001,16.7,0.02,0,0.3008122,0.0465582,0.09890763,278.88,250.99,359.91,0.02,0.2149329,0.01518982,0.08346765,0,0,0,0.05,500,0.3,0.025,0.2,0.2,0.025,0.3,0.025,-0.2,0.2,0.025,0,0,0,0,1,,0.00,0
4.472876,0,0.1997964,0.03548381,0.1280414,303.77,27.71,16.74,0.02,0,0.3000502,0.04665981,0.09812023,278.79,250.93,359.91,0.02,0.2149329,0.01518997,0.08346765,0,0,0,0.05,500,0.3,0.025,0.2,0.2,0.025,0.3,0.025,-0.2,0.2,0.025,0,0,0,0,1,,0.00,0
4.483688,0,0.1985772,0.03538221,0.1265682,303.53,27.64,16.81,0.02,0,0.2988056,0.04665981,0.09700264,278.64,250.84,359.89,0.02,0.2149329,0.01519009,0.08346765,0,0,0,0.05,500,0.3,0.025,0.2,0.2,0.025,0.3,0.025,-0.2,0.2,0.025,0,0,0,0,1,,0.00,0
4.494037,0,0.1977898,0.0352806,0.1256792,303.35,27.6,16.88,0.02,0,0.2979166,0.04665981,0.09631683,278.53,250.77,359.87,0.02,0.2149329,0.01519018,0.08346765,0,0,0,0.05,500,0.3,0.025,0.2,0.2,0.025,0.3,0.025,-0.2,0.2,0.025,0,0,0,0,1,,0.00,0
4.504059,0,0.1970024,0.03515361,0.1247902,303.13,27.54999,16.92,0.02,0,0.2971292,0.04665981,0.09565644,278.42,250.71,359.87,0.02,0.2149329,0.01519022,0.08346765,0,0,0,0.05,500,0.3,0.025,0.2,0.2,0.025,0.3,0.025,-0.2,0.2,0.025,0,0,0,0,1,,0.00,0
4.514754,0,0.1952244,0.0347218,0.1224534,302.61,27.44,17.09001,0.02,0,0.295021,0.04665981,0.09375145,278.2,250.53,359.8199,0.02,0.2149329,0.01519023,0.08346765,0,0,0,0.05,500,0.3,0.025,0.2,0.2,0.025,0.3,0.025,-0.2,0.2,0.025,0,0,0,0,1,,0.00,0
4.524972,0,0.1942084,0.03439161,0.1210056,302.28,27.38,17.23,0.02,0,0.295021,0.04665981,0.09375145,278.2,250.53,359.8199,0.02,0.2149329,0.0151902,0.08346765,0,0,0,0.05,500,0.3,0.025,0.2,0.2,0.025,0.3,0.025,-0.2,0.2,0.025,0,0,0,0,1,,0.00,0
4.535378,0,0.1934464,0.03416301,0.1201166,302.06,27.33,17.31,0.02,0,0.2930144,0.0465582,0.09197341,277.98,250.36,359.85,0.02,0.2149329,0.01519016,0.08346765,0,0,0,0.05,500,0.3,0.025,0.2,0.2,0.025,0.3,0.025,-0.2,0.2,0.025,0,0,0,0,1,,0.00,0
4.545532,0,0.1927606,0.0339344,0.1191006,301.84,27.27,17.42,0.02,0,0.2921,0.04643121,0.091313,277.89,250.27,359.87,0.02,0.2149329,0.01519011,0.08346765,0,0,0,0.05,500,0.3,0.025,0.2,0.2,0.025,0.3,0.025,-0.2,0.2,0.025,0,0,0,0,1,,0.00,0
4.556821,0,0.19177,0.0334772,0.1177544,301.51,27.2,17.6,0.02,0,0.2908808,0.0462026,0.09019542,277.7599,250.18,359.96,0.02,0.2149329,0.01519005,0.08346765,0,0,0,0.05,500,0.3,0.025,0.2,0.2,0.025,0.3,0.025,-0.2,0.2,0.025,0,0,0,0,1,,0.00,0
4.566373,0,0.19177,0.0334772,0.1177544,301.51,27.2,17.6,0.02,0,0.2908808,0.0462026,0.09019542,277.7599,250.18,359.96,0.02,0.2149329,0.01519005,0.08346765,0,0,0,0.05,500,0.3,0.025,0.2,0.2,0.025,0.3,0.025,-0.2,0.2,0.025,0,0,0,0,1,,0.00,0
4.584636,0,0.1899666,0.0325882,0.1154176,301.05,27.06999,17.89,0.02,0,0.2889758,0.04554221,0.08829041,277.5099,250.05,0.09001582,0.02,0.2149329,0.01518996,0.08346765,0,0,0,0.05,500,0.3,0.025,0.2,0.2,0.025,0.3,0.025,-0.2,0.2,0.025,0,0,0,0,1,,0.00,0
4.593554,0,0.1892046,0.032258,0.1146302,300.87,27,18,0.02,0,0.2882138,0.04531361,0.08750302,277.4299,249.98,0.1799917,0.02,0.2149329,0.01518994,0.08346765,0,0,0,0.05,500,0.3,0.025,0.2,0.2,0.025,0.3,0.025,-0.2,0.2,0.025,0,0,0,0,1,,0.00,0
4.601331,0,0.1884172,0.03192781,0.1137412,300.76,26.96,18.11,0.02,0,0.287528,0.045085,0.08684261,277.34,249.94,0.2399799,0.02,0.2149329,0.01518993,0.08346765,0,0,0,0.05,500,0.3,0.025,0.2,0.2,0.025,0.3,0.025,-0.2,0.2,0.025,0,0,0,0,1,,0.00,0
4.610199,0,0.1884172,0.03192781,0.1137412,300.76,26.96,18.11,0.02,0,0.287528,0.045085,0.08684261,277.34,249.94,0.2399799,0.02,0.2149329,0.01518993,0.08346765,0,0,0,0.05,500,0.3,0.025,0.2,0.2,0.025,0.3,0.025,-0.2,0.2,0.025,0,0,0,0,1,,0.00,0
4.621589,0,0.1865122,0.03103881,0.1117346,300.5,26.81,18.35,0.02,0,0.28575,0.04432301,0.08493762,277.14,249.8101,0.4399347,0.02,0.2149329,0.01518993,0.08346765,0,0,0,0.05,500,0.3,0.025,0.2,0.2,0.025,0.3,0.025,-0.2,0.2,0.025,0,0,0,0,1,,0.00,0
4.631126,0,0.1853946,0.03048001,0.1105154,300.41,26.74001,18.48,0.02,0,0.284734,0.0438658,0.08382002,277.0099,249.74,0.5300019,0.02,0.2149329,0.01518993,0.08346765,0,0,0,0.05,500,0.3,0.025,0.2,0.2,0.025,0.3,0.025,-0.2,0.2,0.025,0,0,0,0,1,,0.00,0
4.642653,0,0.1846326,0.0301498,0.1098296,300.34,26.72001,18.57001,0.02,0,0.2840736,0.04353561,0.08305801,276.94,249.7,0.5699462,0.02,0.2149329,0.01518995,0.08346765,0,0,0,0.05,500,0.3,0.025,0.2,0.2,0.025,0.3,0.025,-0.2,0.2,0.025,0,0,0,0,1,,0.00,0
4.652222,0,0.1839468,0.0297942,0.1090422,300.3,26.66999,18.63,0.02,0,0.2835148,0.04320541,0.08237222,276.83,249.68,0.6399638,0.02,0.2149329,0.01518997,0.08346765,0,0,0,0.05,500,0.3,0.025,0.2,0.2,0.025,0.3,0.025,-0.2,0.2,0.025,0,0,0,0,1,,0.00,0
4.66321,0,0.1828292,0.02923542,0.10795,300.23,26.63,18.72,0.02,0,0.2826258,0.0428752,0.0813816,276.6799,249.61,0.679973,0.02,0.2149329,0.01518998,0.08346765,0,0,0,0.05,500,0.3,0.025,0.2,0.2,0.025,0.3,0.025,-0.2,0.2,0.025,0,0,0,0,1,,0.00,0
4.67335,0,0.1821688,0.02890521,0.1071626,300.17,26.59,18.79,0.02,0,0.282067,0.04251961,0.08069581,276.5699,249.57,0.7000085,0.02,0.2149329,0.01519,0.08346765,0,0,0,0.05,500,0.3,0.025,0.2,0.2,0.025,0.3,0.025,-0.2,0.2,0.025,0,0,0,0,1,,0.00,0
4.683203,0,0.1811528,0.0283464,0.106045,300.08,26.52,18.87,0.02,0,0.2812796,0.0421894,0.07970521,276.3899,249.5,0.7299833,0.02,0.2149329,0.01519001,0.08346765,0,0,0,0.05,500,0.3,0.025,0.2,0.2,0.025,0.3,0.025,-0.2,0.2,0.025,0,0,0,0,1,,0.00,0
4.694577,0,0.1804924,0.0280162,0.1053592,300.01,26.48,18.91999,0.02,0,0.2808478,0.04196081,0.07914641,276.28,249.43,0.7299477,0.02,0.2149329,0.01519002,0.08346765,0,0,0,0.05,500,0.3,0.025,0.2,0.2,0.025,0.3,0.025,-0.2,0.2,0.025,0,0,0,0,1,,0.00,0
4.704463,0,0.1799336,0.027686,0.1046988,299.95,26.43,18.96001,0.02,0,0.280289,0.04175761,0.0784606,276.17,249.39,0.6999643,0.02,0.2149329,0.01519002,0.08346765,0,0,0,0.05,500,0.3,0.025,0.2,0.2,0.025,0.3,0.025,-0.2,0.2,0.025,0,0,0,0,1,,0.00,0
4.715217,0,0.1784858,0.0268986,0.1030224,299.75,26.3,19.07,0.02,0,0.2791714,0.0411988,0.07713981,275.91,249.28,0.6600234,0.02,0.2149329,0.01519002,0.08346765,0,0,0,0.05,500,0.3,0.025,0.2,0.2,0.025,0.3,0.025,-0.2,0.2,0.025,0,0,0,0,1,,0.00,0
4.725369,0,0.1776984,0.02646682,0.1020318,299.64,26.21,19.09,0.02,0,0.2784856,0.04097021,0.07622541,275.7799,249.24,0.6200489,0.02,0.2149329,0.01519002,0.08346765,0,0,0,0.05,500,0.3,0.025,0.2,0.2,0.025,0.3,0.025,-0.2,0.2,0.025,0,0,0,0,1,,0.00,0
4.744388,0,0.1772666,0.0262382,0.101473,299.58,26.17001,19.12,0.02,0,0.2781554,0.04074161,0.07579362,275.69,249.19,0.5900022,0.02,0.2149329,0.01519002,0.08346765,0,0,0,0.05,500,0.3,0.025,0.2,0.2,0.025,0.3,0.025,-0.2,0.2,0.025,0,0,0,0,1,,0.00,0
4.754116,0,0.1768094,0.025908,0.1007872,299.47,26.10001,19.12,0.02,0,0.2777236,0.04064001,0.0752348,275.58,249.17,0.5499643,0.02,0.2149329,0.01519001,0.08346765,0,0,0,0.05,500,0.3,0.025,0.2,0.2,0.025,0.3,0.025,-0.2,0.2,0.025,0,0,0,0,1,,0.00,0
4.761682,0,0.176149,0.02555241,0.09989823,299.31,26.04,19.12,0.02,0,0.2771648,0.04041141,0.07457441,275.43,249.1,0.5099633,0.02,0.2149329,0.01519001,0.08346765,0,0,0,0.05,500,0.3,0.025,0.2,0.2,0.025,0.3,0.025,-0.2,0.2,0.025,0,0,0,0,1,,0.00,0
4.77134,0,0.1756918,0.0253492,0.09933943,299.2,25.99,19.09,0.02,0,0.2769362,0.04018281,0.07411721,275.3399,249.08,0.4799835,0.02,0.2149329,0.01519,0.08346765,0,0,0,0.05,500,0.3,0.025,0.2,0.2,0.025,0.3,0.025,-0.2,0.2,0.025,0,0,0,0,1,,0.00,0
4.780714,0,0.1752346,0.02499361,0.09855204,298.98,25.93001,19.09,0.02,0,0.2763774,0.0399542,0.07345681,275.21,249.02,0.4400049,0.02,0.2149329,0.01519,0.08346765,0,0,0,0.05,500,0.3,0.025,0.2,0.2,0.025,0.3,0.025,-0.2,0.2,0.025,0,0,0,0,1,,0.00,0
4.791643,0,0.1750314,0.02479041,0.09789163,298.87,25.90999,19.09001,0.02,0,0.2760472,0.0398526,0.07299961,275.1199,248.97,0.419973,0.02,0.2149329,0.01518999,0.08346765,0,0,0,0.05,500,0.3,0.025,0.2,0.2,0.025,0.3,0.025,-0.2,0.2,0.025,0,0,0,0,1,,0.00,0
4.801321,0,0.1748028,0.0244348,0.09733284,298.67,25.86001,19.12,0.02,0,0.2756916,0.03962401,0.07266942,275.08,248.91,0.4200118,0.02,0.2149329,0.01518999,0.08346765,0,0,0,0.05,500,0.3,0.025,0.2,0.2,0.025,0.3,0.025,-0.2,0.2,0.025,0,0,0,0,1,,0.00,0
4.812347,0,0.1745742,0.02410461,0.09654542,298.37,25.84,19.16,0.02,0,0.2752598,0.03939541,0.07198362,275.01,248.8399,0.4000553,0.02,0.2149329,0.01518999,0.08346765,0,0,0,0.05,500,0.3,0.025,0.2,0.2,0.025,0.3,0.025,-0.2,0.2,0.025,0,0,0,0,1,,0.00,0
4.822997,0,0.1744726,0.02387601,0.09598663,298.12,25.83999,19.18001,0.02,0,0.2748026,0.03916681,0.07165343,275.0099,248.8,0.3999576,0.02,0.2149329,0.01518999,0.08346765,0,0,0,0.05,500,0.3,0.025,0.2,0.2,0.025,0.3,0.025,-0.2,0.2,0.025,0,0,0,0,1,,0.00,0
4.833247,0,0.1744726,0.02387601,0.09598663,298.12,25.83999,19.18001,0.02,0,0.2748026,0.03916681,0.07165343,275.0099,248.8,0.3999576,0.02,0.2149329,0.01518999,0.08346765,0,0,0,0.05,500,0.3,0.025,0.2,0.2,0.025,0.3,0.025,-0.2,0.2,0.025,0,0,0,0,1,,0.00,0
4.843823,0,0.1744726,0.0232156,0.09453882,297.44,25.84,19.27,0.02,0,0.2739136,0.03863341,0.07076442,275.03,248.7101,0.419912,0.02,0.2149329,0.01518999,0.08346765,0,0,0,0.05,500,0.3,0.025,0.2,0.2,0.025,0.3,0.025,-0.2,0.2,0.025,0,0,0,0,1,,0.00,0
4.853663,0,0.1744726,0.023114,0.09410703,297.09,25.84001,19.31,0.02,0,0.2734818,0.0385064,0.07043421,275.0499,248.69,0.4200182,0.02,0.2149329,0.01519,0.08346765,0,0,0,0.05,500,0.3,0.025,0.2,0.2,0.025,0.3,0.025,-0.2,0.2,0.025,0,0,0,0,1,,0.00,0
4.864173,0,0.1746758,0.0227584,0.09331962,296.54,25.84001,19.35999,0.02,0,0.2730246,0.03817621,0.06997702,275.1,248.64,0.4000058,0.02,0.2149329,0.01519,0.08346765,0,0,0,0.05,500,0.3,0.025,0.2,0.2,0.025,0.3,0.025,-0.2,0.2,0.025,0,0,0,0,1,,0.00,0
4.874974,0,0.1749044,0.0224282,0.09286241,296.1,25.84,19.38,0.02,0,0.2726944,0.03807461,0.06977381,275.0999,248.6199,0.3700775,0.02,0.2149329,0.01519,0.08346765,0,0,0,0.05,500,0.3,0.025,0.2,0.2,0.025,0.3,0.025,-0.2,0.2,0.025,0,0,0,0,1,,0.00,0
4.884806,0,0.176022,0.0218694,0.09141462,294.94,25.84,19.47,0.02,0,0.2720086,0.03771901,0.06921501,275.14,248.51,0.2599742,0.02,0.2149329,0.01519,0.08346765,0,0,0,0.05,500,0.3,0.025,0.2,0.2,0.025,0.3,0.025,-0.2,0.2,0.025,0,0,0,0,1,,0.00,0
4.903718,0,0.1765808,0.0217678,0.09098282,294.3,25.81999,19.49001,0.02,0,0.2716784,0.0375158,0.06908801,275.14,248.47,0.2400187,0.02,0.2149329,0.01519,0.08346765,0,0,0,0.05,500,0.3,0.025,0.2,0.2,0.025,0.3,0.025,-0.2,0.2,0.025,0,0,0,0,1,0.00,0.00,0
4.921997,0,0.1783588,0.02110741,0.08963662,292.61,25.86002,19.62,0.02,0,0.271018,0.03705861,0.06875782,275.23,248.38,0.1800015,0.02,0.2149329,0.01519,0.08346765,0,0,0,0.05,500,0.3,0.025,0.2,0.2,0.025,0.3,0.025,-0.2,0.2,0.025,0,0,0,0,1,0,0.00,0
4.930918,0,0.1796034,0.0207518,0.08884922,291.51,25.88,19.71,0.02,0,0.2705608,0.03660141,0.06865621,275.3199,248.36,0.180022,0.02,0.2149329,0.01519,0.08346765,0,0,0,0.05,500,0.3,0.025,0.2,0.2,0.025,0.3,0.025,-0.2,0.2,0.025,0,0,0,0,1,0.00,0.00,0
4.943864,0,0.1804924,0.0205486,0.08839201,290.76,25.88,19.78,0.02,0,0.2703576,0.03627121,0.0685292,275.38,248.3301,0.1799324,0.02,0.2149329,0.01519,0.08346765,0,0,0,0.05,500,0.3,0.025,0.2,0.2,0.025,0.3,0.025,-0.2,0.2,0.025,0,0,0,0,1,,0.00,0
4.955307,7.934856,0.1827276,0.0199898,0.08729982,288.98,25.91002,19.94999,0.02,0,0.2695702,0.03548381,0.06842762,275.62,248.31,0.2199604,0.02,0.21506,0.01492032,0.0825345,0,0,0,0.05,500,0.3,0.025,0.2,0.2,0.025,0.3,0.025,-0.2,0.2,0.025,0,0,0,0,1,00,0.00,0
4.967053,2.23463,0.183515,0.0197612,0.08694422,288.37,25.88,20.00001,0.02,0,0.2693416,0.03515361,0.06842761,275.7099,248.29,0.2399827,0.02,0.2163161,0.01476968,0.08238135,0,0,0,0.05,500,0.3,0.025,0.2,0.2,0.025,0.3,0.025,-0.2,0.2,0.025,0,0,0,0,1,00,0.00,0
4.979153,4.597477,0.1847342,0.019304,0.08651241,287.53,25.86,20.08,0.02,0,0.2690114,0.0345948,0.06842761,275.87,248.29,0.2899968,0.02,0.2171165,0.01438039,0.08197945,0,0,0,0.05,500,0.3,0.025,0.2,0.2,0.025,0.3,0.025,-0.2,0.2,0.025,0,0,0,0,1,0,0.00,0
4.988572,4.597477,0.1847342,0.019304,0.08651241,287.53,25.86,20.08,0.02,0,0.2690114,0.0345948,0.06842761,275.87,248.29,0.2899968,0.02,0.2171165,0.01438039,0.08197945,0,0,0,0.05,500,0.3,0.025,0.2,0.2,0.025,0.3,0.025,-0.2,0.2,0.025,0,0,0,0,1,0.00,0.00,0
5.000394,2.982809,0.1860804,0.0187452,0.08628382,286.63,25.86,20.15,0.02,0,0.2685542,0.03393441,0.06842761,276.0599,248.25,0.3500031,0.02,0.2192889,0.01406449,0.08171408,0,0,0,0.05,500,0.3,0.025,0.2,0.2,0.025,0.3,0.025,-0.2,0.2,0.025,0,0,0,0,1,0.00,0.00,0
5.009271,2.982809,0.1860804,0.0187452,0.08628382,286.63,25.86,20.15,0.02,0,0.2685542,0.03393441,0.06842761,276.0599,248.25,0.3500031,0.02,0.2192889,0.01406449,0.08171408,0,0,0,0.05,500,0.3,0.025,0.2,0.2,0.025,0.3,0.025,-0.2,0.2,0.025,0,0,0,0,1,0.00,0.00,0
5.01767,7.407532,0.1875282,0.0179832,0.08605521,285.73,25.83999,20.18999,0.02,0,0.2681224,0.03291841,0.06842762,276.33,248.23,0.4799874,0.02,0.2203837,0.0133573,0.0815359,0,0,0,0.05,500,0.3,0.025,0.2,0.2,0.025,0.3,0.025,-0.2,0.2,0.025,0,0,0,0,1,0.00,0.00,0
5.027284,2.735323,0.1884172,0.0174244,0.08595362,285.2299,25.84002,20.16999,0.02,0,0.2678938,0.032258,0.0685292,276.5001,248.2,0.5700299,0.02,0.2215592,0.01312809,0.08140604,0,0,0,0.05,500,0.3,0.025,0.2,0.2,0.025,0.3,0.025,-0.2,0.2,0.025,0,0,0,0,1,0.00,0.00,0
5.037245,2.098691,0.1890776,0.01719581,0.08595362,284.9,25.84001,20.17,0.02,0,0.2676652,0.03180081,0.06865622,276.6399,248.1801,0.6399524,0.02,0.2227102,0.01310373,0.08133605,0,0,0,0.05,500,0.3,0.025,0.2,0.2,0.025,0.3,0.025,-0.2,0.2,0.025,0,0,0,0,1,0.00,0.00,0
5.054834,3.552327,0.1897634,0.0168656,0.08595362,284.55,25.82002,20.14998,0.02,0,0.2675636,0.03124201,0.06875782,276.77,248.16,0.729948,0.02,0.2237466,0.01292738,0.08126714,0,0,0,0.05,500,0.3,0.025,0.2,0.2,0.025,0.3,0.025,-0.2,0.2,0.025,0,0,0,0,1,0.00,0.00,0
5.062943,3.827176,0.190754,0.0163068,0.08595362,283.97,25.82002,20.12999,0.02,0,0.2672334,0.0305816,0.06898642,276.97,248.1201,0.8099442,0.02,0.2247026,0.01262405,0.08126159,0,0,0,0.05,500,0.3,0.025,0.2,0.2,0.025,0.3,0.025,-0.2,0.2,0.025,0,0,0,0,1,0.00,0.00,0
5.070846,1.548185,0.1914398,0.0159512,0.08605521,283.5599,25.79999,20.1,0.02,0,0.2670048,0.03002281,0.06908801,277.14,248.07,0.8999693,0.02,0.2255977,0.01260165,0.08131123,0,0,0,0.05,500,0.3,0.025,0.2,0.2,0.025,0.3,0.025,-0.2,0.2,0.025,0,0,0,0,1,0.00,0.00,0
5.081139,3.801699,0.1925574,0.0155194,0.08605521,282.94,25.79999,20.08,0.02,0,0.2666746,0.02923541,0.06921501,277.38,247.98,1.029973,0.02,0.2264357,0.01245819,0.08130981,0,0,0,0.05,500,0.3,0.025,0.2,0.2,0.025,0.3,0.025,-0.2,0.2,0.025,0,0,0,0,1,0.00,0.00,0
5.091565,2.249037,0.1933194,0.0151892,0.08605521,282.5,25.80002,20.07998,0.02,0,0.266446,0.02867661,0.06941821,277.56,247.94,1.120013,0.02,0.2272435,0.01245655,0.08127582,0,0,0,0.05,500,0.3,0.025,0.2,0.2,0.025,0.3,0.025,-0.2,0.2,0.025,0,0,0,0,1,0.00,0.00,0
5.101211,4.578169,0.1941068,0.014732,0.08618221,282.08,25.84003,20.05997,0.02,0,0.2661158,0.0280162,0.06954521,277.78,247.87,1.22998,0.02,0.2280368,0.01227368,0.08140048,0,0,0,0.05,500,0.3,0.025,0.2,0.2,0.025,0.3,0.025,-0.2,0.2,0.025,0,0,0,0,1,0.00,0.00,0
5.112055,2.720268,0.1952244,0.0143002,0.08628383,281.45,25.91,20.04001,0.02,0,0.265557,0.02700021,0.06987542,278.15,247.79,1.450012,0.02,0.2288576,0.01222457,0.08149513,0,0,0,0.05,500,0.3,0.025,0.2,0.2,0.025,0.3,0.025,-0.2,0.2,0.025,0,0,0,0,1,0.00,0.00,0
5.12274,2.546548,0.1961134,0.01407161,0.08628383,281.01,25.98999,20.02002,0.02,0,0.2650998,0.02646681,0.06997702,278.4399,247.74,1.600019,0.02,0.2296982,0.01234591,0.0814451,0,0,0,0.05,500,0.3,0.025,0.2,0.2,0.025,0.3,0.025,-0.2,0.2,0.025,0,0,0,0,1,0.00,0.00,0
5.133065,2.546548,0.1961134,0.01407161,0.08628383,281.01,25.98999,20.02002,0.02,0,0.2650998,0.02646681,0.06997702,278.4399,247.74,1.600019,0.02,0.2296982,0.01234591,0.0814451,0,0,0,0.05,500,0.3,0.025,0.2,0.2,0.025,0.3,0.025,-0.2,0.2,0.025,0,0,0,0,1,0.00,0.00,0
5.143365,8.48134,0.1983486,0.0135128,0.08661401,279.98,26.25998,19.97002,0.02,0,0.2639822,0.02479041,0.07043421,279.21,247.68,2.019986,0.02,0.2308256,0.01207574,0.08200604,0,0,0,0.05,500,0.3,0.025,0.2,0.2,0.025,0.3,0.025,-0.2,0.2,0.025,0,0,0,0,1,0.00,0.00,0
5.154451,5.22651,0.199136,0.0132842,0.08674102,279.6,26.40999,19.93001,0.02,0,0.263525,0.02423161,0.07066283,279.54,247.68,2.180022,0.02,0.2319833,0.01227116,0.08186177,0,0,0,0.05,500,0.3,0.025,0.2,0.2,0.025,0.3,0.025,-0.2,0.2,0.025,0,0,0,0,1,0.00,0.00,0
5.164133,6.62592,0.2004822,0.0130556,0.08707121,279.1,26.61,19.84001,0.02,4.565385,0.2629916,0.0233172,0.07099301,280.02,247.7,2.400017,0.02,0.2334224,0.01177348,0.08207479,0,0,0,0.05,500,0.3,0.025,0.2,0.2,0.025,0.3,0.025,-0.2,0.2,0.025,0,0,0,0,1,0.00,0.00,0
5.174423,4.556077,0.2012442,0.012954,0.08717282,278.81,26.74,19.8,0.02,8.775207,0.2625344,0.022987,0.07132322,280.33,247.6799,2.500055,0.02,0.2341079,0.01293751,0.08156661,0,0,0,0.05,500,0.3,0.025,0.2,0.2,0.025,0.3,0.025,-0.2,0.2,0.025,0,0,0,0,1,0.00,0.00,0
5.184856,16.49012,0.2030476,0.012954,0.08783322,278.22,27.07,19.59999,0.02,14.84213,0.261874,0.022098,0.07188201,281.03,247.72,2.750017,0.02,0.2355418,0.0111061,0.08317319,0,0,0,0.05,500,0.3,0.025,0.2,0.2,0.025,0.3,0.025,-0.2,0.2,0.025,0,0,0,0,1,0.00,0.00,0
5.195182,21.12423,0.203708,0.012954,0.08806182,278.11,27.24999,19.46999,0.02,24.53617,0.2615184,0.02186941,0.07221222,281.27,247.76,2.789996,0.02,0.2348368,0.01392822,0.0813235,0,0,0,0.05,500,0.3,0.025,0.2,0.2,0.025,0.3,0.025,-0.2,0.2,0.025,0,0,0,0,1,0.00,0.00,0
5.216708,48.16348,0.204724,0.0131826,0.08851901,278,27.48998,19.31,0.02,48.04984,0.2613152,0.0216662,0.07266942,281.65,247.83,2.880004,0.02,0.2341641,0.01510307,0.08044893,0,0,0,0.05,500,0.3,0.025,0.2,0.2,0.025,0.3,0.025,-0.2,0.2,0.025,0,0,0,0,1,0.00,0.00,0
5.225145,68.55958,0.2061718,0.0139446,0.08930641,277.91,27.96999,19.01,0.02,68.78202,0.260858,0.0215392,0.07345682,282.28,247.98,3.029992,0.02,0.2373844,0.008588357,0.0892237,0,0,0,0.05,500,0.3,0.025,0.2,0.2,0.025,0.3,0.025,-0.2,0.2,0.025,0,0,0,0,1,0.00,0.00,0
5.234605,95.16708,0.2068322,0.0143002,0.08963662,277.91,28.21001,18.86999,0.02,92.33846,0.2607564,0.0215392,0.07378701,282.55,248.07,3.080019,0.02,0.2337072,0.01608513,0.07994721,0,0,0,0.05,500,0.3,0.025,0.2,0.2,0.025,0.3,0.025,-0.2,0.2,0.025,0,0,0,0,1,0.00,0.00,0
5.247035,114.3838,0.2074926,0.014732,0.08996683,277.91,28.48003,18.71996,0.02,113.0719,0.2606294,0.0216662,0.07401562,282.83,248.18,3.120023,0.02,0.2393762,0.005639628,0.09393772,0,0,0,0.05,500,0.3,0.025,0.2,0.2,0.025,0.3,0.025,-0.2,0.2,0.025,0,0,0,0,1,0.00,0.00,0
5.260151,141.2654,0.2085086,0.015621,0.09042401,277.84,28.84999,18.5,0.02,139.5188,0.2604008,0.02186941,0.07457443,283.21,248.33,3.160022,0.02,0.2352935,0.01457497,0.08231211,0,0,0,0.05,500,0.3,0.025,0.2,0.2,0.025,0.3,0.025,-0.2,0.2,0.025,0,0,0,0,1,0.00,0.00,0
5.274068,137.4676,0.209296,0.0163068,0.09075421,277.7999,29.09,18.34999,0.02,136.6004,0.2604008,0.022225,0.07490461,283.45,248.44,3.160015,0.02,0.2424791,0.00326764,0.09973565,0,0,0,0.05,500,0.3,0.025,0.2,0.2,0.025,0.3,0.025,-0.2,0.2,0.025,0,0,0,0,1,0.00,0.00,0
5.28919,0,0.2111756,0.0183134,0.09141462,277.6,29.74998,17.93001,0.02,0,0.2604008,0.02344421,0.07566662,284.02,248.69,3.099992,0.02,0.2524148,-0.007374552,0.1238274,0,0,0,0.05,500,0.3,0.025,0.2,0.2,0.025,0.3,0.025,-0.2,0.2,0.025,0,0,0,0,1,0.00,0.00,0
5.30271,0,0.211963,0.0192024,0.09174482,277.4699,30.00997,17.75003,0.02,0,0.2605278,0.02400301,0.0761238,284.19,248.8,3.010014,0.02,0.2557957,-0.007170636,0.1320254,0,0,0,0.05,500,0.3,0.025,0.2,0.2,0.025,0.3,0.025,-0.2,0.2,0.025,0,0,0,0,1,0.00,0.00,0
5.313775,0,0.2132076,0.0206502,0.09207501,277.29,30.41004,17.46997,0.02,0,0.2607564,0.02512061,0.07658102,284.44,248.93,2.900012,0.02,0.2584253,-0.004251461,0.1384015,0,0,0,0.05,500,0.3,0.025,0.2,0.2,0.025,0.3,0.025,-0.2,0.2,0.025,0,0,0,0,1,0.00,0.00,0
5.323858,0,0.2140966,0.0216662,0.09230362,277.16,30.70001,17.26999,0.02,0,0.2609596,0.02590801,0.07691121,284.59,249.02,2.810025,0.02,0.2604705,0.0004191878,0.1433607,0,0,0,0.05,500,0.3,0.025,0.2,0.2,0.025,0.3,0.025,-0.2,0.2,0.025,0,0,0,0,1,0.00,0.00,0
5.334443,0,0.2164334,0.0244348,0.09263382,276.8299,31.41998,16.81001,0.02,0,0.2615184,0.02791461,0.07747,284.94,249.3,2.610022,0.02,0.2620612,0.005875472,0.1472179,0,0,0,0.05,500,0.3,0.025,0.2,0.2,0.025,0.3,0.025,-0.2,0.2,0.025,0,0,0,0,1,0.00,0.00,0
5.344774,0,0.2173224,0.02555241,0.09276082,276.6999,31.71,16.62999,0.02,0,0.2615184,0.02791461,0.07747,284.94,249.3,2.610022,0.02,0.2632985,0.01126919,0.1502179,0,0,0,0.05,500,0.3,0.025,0.2,0.2,0.025,0.3,0.025,-0.2,0.2,0.025,0,0,0,0,1,0.00,0.00,0
5.355584,0,0.2187702,0.02735581,0.09286242,276.4999,32.15001,16.40999,0.02,0,0.2624328,0.03014981,0.07790181,285.23,249.61,2.439995,0.02,0.2642608,0.01594836,0.1525513,0,0,0,0.05,500,0.3,0.025,0.2,0.2,0.025,0.3,0.025,-0.2,0.2,0.025,0,0,0,0,1,0.00,0.00,0
5.37337,0,0.2197862,0.02847341,0.09286242,276.3699,32.45002,16.27997,0.02,0,0.262763,0.03103881,0.07802881,285.31,249.76,2.399992,0.02,0.2650092,0.01949408,0.1543661,0,0,0,0.05,500,0.3,0.025,0.2,0.2,0.025,0.3,0.025,-0.2,0.2,0.025,0,0,0,0,1,0.00,0.00,0
5.381301,0,0.221234,0.03014981,0.0928624,276.1999,32.92001,16.10999,0.02,0,0.2634234,0.03235961,0.07813041,285.45,250,2.330001,0.02,0.2655914,0.0217205,0.1557777,0,0,0,0.05,500,0.3,0.025,0.2,0.2,0.025,0.3,0.025,-0.2,0.2,0.025,0,0,0,0,1,0.00,0.00,0
5.389672,0,0.22225,0.03136901,0.09286241,276.06,33.21998,16.00002,0.02,0,0.2638806,0.03327401,0.07813041,285.53,250.18,2.290003,0.02,0.2660441,0.02264593,0.1568755,0,0,0,0.05,500,0.3,0.025,0.2,0.2,0.025,0.3,0.025,-0.2,0.2,0.025,0,0,0,0,1,0.00,0.00,0
5.399323,0,0.22225,0.03136901,0.09286241,276.06,33.21998,16.00002,0.02,0,0.2638806,0.03327401,0.07813041,285.53,250.18,2.290003,0.02,0.2660441,0.02264593,0.1568755,0,0,0,0.05,500,0.3,0.025,0.2,0.2,0.025,0.3,0.025,-0.2,0.2,0.025,0,0,0,0,1,0.00,0.00,0
5.409942,0,0.2246884,0.03439161,0.09263381,275.8,33.99,15.82001,0.02,0,0.2652014,0.03561081,0.07813041,285.69,250.62,2.200007,0.02,0.2663963,0.02244522,0.1577294,0,0,0,0.05,500,0.3,0.025,0.2,0.2,0.025,0.3,0.025,-0.2,0.2,0.025,0,0,0,0,1,0.00,0.00,0
5.420524,0,0.225806,0.03561081,0.09253222,275.67,34.33998,15.75002,0.02,0,0.2657602,0.03660141,0.07813041,285.75,250.84,2.179991,0.02,0.2666701,0.0213934,0.1583936,0,0,0,0.05,500,0.3,0.025,0.2,0.2,0.025,0.3,0.025,-0.2,0.2,0.025,0,0,0,0,1,0.00,0.00,0
5.430637,0,0.2273808,0.0375158,0.09230362,275.52,34.85002,15.68999,0.02,0,0.2666746,0.03817621,0.07802881,285.84,251.15,2.130013,0.02,0.2668832,0.01980947,0.1589101,0,0,0,0.05,500,0.3,0.025,0.2,0.2,0.025,0.3,0.025,-0.2,0.2,0.025,0,0,0,0,1,0.00,0.00,0
5.441705,0,0.2283714,0.038735,0.09220201,275.41,35.17999,15.62001,0.02,0,0.2672334,0.03916681,0.07790181,285.91,251.35,2.089994,0.02,0.2670489,0.01800722,0.1593119,0,0,0,0.05,500,0.3,0.025,0.2,0.2,0.025,0.3,0.025,-0.2,0.2,0.025,0,0,0,0,1,0.00,0.00,0
5.451241,0,0.229489,0.0400812,0.09207501,275.3,35.55002,15.55999,0.02,0,0.2681224,0.0408432,0.07790181,286.02,251.67,2.020009,0.02,0.2671777,0.01625767,0.1596244,0,0,0,0.05,500,0.3,0.025,0.2,0.2,0.025,0.3,0.025,-0.2,0.2,0.025,0,0,0,0,1,0.00,0.00,0
5.462677,0,0.2311654,0.04208781,0.09187181,275.1199,36.10003,15.46996,0.02,0,0.2686812,0.04196081,0.07780021,286.11,251.92,1.929997,0.02,0.267278,0.01476509,0.1598674,0,0,0,0.05,500,0.3,0.025,0.2,0.2,0.025,0.3,0.025,-0.2,0.2,0.025,0,0,0,0,1,0.00,0.00,0
5.472416,0,0.232283,0.0435356,0.09174481,275.0299,36.5,15.40001,0.02,0,0.2693416,0.04320541,0.07780021,286.17,252.16,1.87,0.02,0.2673559,0.01365666,0.1600564,0,0,0,0.05,500,0.3,0.025,0.2,0.2,0.025,0.3,0.025,-0.2,0.2,0.025,0,0,0,0,1,0.00,0.00,0
5.482292,0,0.234061,0.04564381,0.09154162,274.9,37.09002,15.26995,0.02,0,0.2703576,0.04508501,0.0776986,286.28,252.51,1.710015,0.02,0.2674166,0.01298384,0.1602035,0,0,0,0.05,500,0.3,0.025,0.2,0.2,0.025,0.3,0.025,-0.2,0.2,0.025,0,0,0,0,1,0.00,0.00,0
5.493616,0,0.2351786,0.04721861,0.09141462,274.81,37.49003,15.15998,0.02,0,0.2711196,0.0463296,0.0776986,286.35,252.75,1.599989,0.02,0.2674637,0.01273291,0.1603178,0,0,0,0.05,500,0.3,0.025,0.2,0.2,0.025,0.3,0.025,-0.2,0.2,0.025,0,0,0,0,1,0.00,0.00,0
5.50373,0,0.2362962,0.04889502,0.091313,274.7499,37.88002,15.04997,0.02,0,0.2722372,0.04843781,0.07757161,286.39,253.12,1.409991,0.02,0.2675004,0.01284108,0.1604068,0,0,0,0.05,500,0.3,0.025,0.2,0.2,0.025,0.3,0.025,-0.2,0.2,0.025,0,0,0,0,1,0.00,0.00,0
5.514124,0,0.2380996,0.05133341,0.09118602,274.68,38.49998,14.83,0.02,0,0.2731262,0.04988562,0.07769862,286.37,253.39,1.249998,0.02,0.2675289,0.01321521,0.1604759,0,0,0,0.05,500,0.3,0.025,0.2,0.2,0.025,0.3,0.025,-0.2,0.2,0.025,0,0,0,0,1,0.00,0.00,0
5.532305,0,0.2391918,0.05300981,0.09108442,274.6599,38.90999,14.68,0.02,0,0.2740406,0.05133341,0.07769862,286.33,253.65,1.050011,0.02,0.2675511,0.01374999,0.1605297,0,0,0,0.05,500,0.3,0.025,0.2,0.2,0.025,0.3,0.025,-0.2,0.2,0.025,0,0,0,0,1,0.00,0.00,0
5.541383,0,0.2422144,0.05748022,0.09108441,274.64,39.90002,14.18996,0.02,0,0.276606,0.05537201,0.07769862,286.17,254.33,0.5300072,0.02,0.2675684,0.01434372,0.1605716,0,0,0,0.05,500,0.3,0.025,0.2,0.2,0.025,0.3,0.025,-0.2,0.2,0.025,0,0,0,0,1,0.00,0.00,0
5.549782,0,0.2434336,0.05938521,0.09108442,274.6099,40.28,13.99998,0.02,0,0.2782824,0.05781041,0.07780021,286.02,254.73,0.1800158,0.02,0.2675818,0.01490998,0.1606041,0,0,0,0.05,500,0.3,0.025,0.2,0.2,0.025,0.3,0.025,-0.2,0.2,0.025,0,0,0,0,1,0.00,0.00,0
5.557078,0,0.245237,0.06228081,0.09108441,274.5899,40.87001,13.68999,0.02,0,0.2794,0.05961381,0.07790181,285.91,254.99,359.96,0.02,0.2675922,0.01538498,0.1606294,0,0,0,0.05,500,0.3,0.025,0.2,0.2,0.025,0.3,0.025,-0.2,0.2,0.025,0,0,0,0,1,0.00,0.00,0
5.568947,0,0.2465832,0.06405882,0.09108441,274.59,41.26001,13.46997,0.02,0,0.2806192,0.06139182,0.07790181,285.8,255.3,359.69,0.02,0.2676003,0.01573035,0.1606491,0,0,0,0.05,500,0.3,0.025,0.2,0.2,0.025,0.3,0.025,-0.2,0.2,0.025,0,0,0,0,1,0.00,0.00,0
5.579082,0,0.2484628,0.06708141,0.09108441,274.57,41.81001,13.15997,0.02,0,0.2823972,0.06405882,0.07813042,285.62,255.72,359.3,0.02,0.2676066,0.01593227,0.1606644,0,0,0,0.05,500,0.3,0.025,0.2,0.2,0.025,0.3,0.025,-0.2,0.2,0.025,0,0,0,0,1,0.00,0.00,0
5.590455,0,0.249809,0.06898642,0.091186,274.5499,42.18997,12.94001,0.02,0,0.2837434,0.06586222,0.07825742,285.51,256,359.03,0.02,0.2676116,0.01599767,0.1606763,0,0,0,0.05,500,0.3,0.025,0.2,0.2,0.025,0.3,0.025,-0.2,0.2,0.025,0,0,0,0,1,0.00,0.00,0
5.599754,0,0.249809,0.06898642,0.091186,274.5499,42.18997,12.94001,0.02,0,0.2837434,0.06586222,0.07825742,285.51,256,359.03,0.02,0.2676116,0.01599767,0.1606763,0,0,0,0.05,500,0.3,0.025,0.2,0.2,0.025,0.3,0.025,-0.2,0.2,0.025,0,0,0,0,1,0.00,0.00,0
5.610048,0,0.2531618,0.07401562,0.09131302,274.48,43.06996,12.44004,0.02,0,0.2869692,0.07053582,0.07846061,285.23,256.66,358.4,0.02,0.2676154,0.01594883,0.1606856,0,0,0,0.05,500,0.3,0.025,0.2,0.2,0.025,0.3,0.025,-0.2,0.2,0.025,0,0,0,0,1,0.00,0.00,0
5.621221,0,0.254508,0.07589521,0.09141462,274.46,43.44004,12.23998,0.02,0,0.2883154,0.07233921,0.07868923,285.1,256.95,358.11,0.02,0.2676184,0.01581716,0.1606928,0,0,0,0.05,500,0.3,0.025,0.2,0.2,0.025,0.3,0.025,-0.2,0.2,0.025,0,0,0,0,1,0.00,0.00,0
5.630783,0,0.2566162,0.07891782,0.09154162,274.42,43.97005,11.94995,0.02,0,0.290322,0.07513321,0.07891781,284.9,257.37,357.71,0.02,0.2676207,0.01563732,0.1606984,0,0,0,0.05,500,0.3,0.025,0.2,0.2,0.025,0.3,0.025,-0.2,0.2,0.025,0,0,0,0,1,0.00,0.00,0
5.642156,0,0.258064,0.08082281,0.09164321,274.3499,44.32005,11.72995,0.02,0,0.2917698,0.07701281,0.0790194,284.77,257.65,357.45,0.02,0.2676225,0.01544222,0.1607028,0,0,0,0.05,500,0.3,0.025,0.2,0.2,0.025,0.3,0.025,-0.2,0.2,0.025,0,0,0,0,1,0.00,0.00,0
5.65162,0,0.2595118,0.08293102,0.09174482,274.3099,44.62999,11.58001,0.02,0,0.2939034,0.07970522,0.07937501,284.55,258.07,357.08,0.02,0.2676239,0.01525934,0.1607062,0,0,0,0.05,500,0.3,0.025,0.2,0.2,0.025,0.3,0.025,-0.2,0.2,0.025,0,0,0,0,1,0.00,0.00,0
5.662755,0,0.2616454,0.08582661,0.09197342,274.2199,45.13002,11.28998,0.02,0,0.2953512,0.08158481,0.07957821,284.39,258.31,356.84,0.02,0.2676249,0.01510854,0.1607088,0,0,0,0.05,500,0.3,0.025,0.2,0.2,0.025,0.3,0.025,-0.2,0.2,0.025,0,0,0,0,1,0.00,0.00,0
5.673409,0,0.2631948,0.08773161,0.09207502,274.17,45.48003,11.11999,0.02,0,0.296799,0.08338822,0.07970522,284.2599,258.6,356.59,0.02,0.2676258,0.0150013,0.1607109,0,0,0,0.05,500,0.3,0.025,0.2,0.2,0.025,0.3,0.025,-0.2,0.2,0.025,0,0,0,0,1,0.00,0.00,0
5.691031,0,0.26543,0.09052561,0.09230362,274.09,45.99,10.88,0.02,0,0.2990342,0.08605521,0.08003541,284.06,258.99,356.24,0.02,0.2676269,0.01492516,0.1607137,0,0,0,0.05,500,0.3,0.025,0.2,0.2,0.025,0.3,0.025,-0.2,0.2,0.025,0,0,0,0,1,0.00,0.00,0
5.699497,0,0.26543,0.09052561,0.09230362,274.09,45.99,10.88,0.02,0,0.2990342,0.08605521,0.08003541,284.06,258.99,356.24,0.02,0.2676269,0.01492516,0.1607137,0,0,0,0.05,500,0.3,0.025,0.2,0.2,0.025,0.3,0.025,-0.2,0.2,0.025,0,0,0,0,1,0.00,0.00,0
5.707695,0,0.2705608,0.09687562,0.0928624,273.7999,47.04001,10.34998,0.02,0,0.304165,0.09207501,0.08082282,283.54,259.87,355.5,0.02,0.2676273,0.01494539,0.1607147,0,0,0,0.05,500,0.3,0.025,0.2,0.2,0.025,0.3,0.025,-0.2,0.2,0.025,0,0,0,0,1,0.00,0.00,0
5.717737,0,0.2720086,0.09855203,0.09298942,273.71,47.32998,10.22002,0.02,0,0.3056128,0.09364981,0.08102603,283.3799,260.13,355.3,0.02,0.2676276,0.01499132,0.1607154,0,0,0,0.05,500,0.3,0.025,0.2,0.2,0.025,0.3,0.025,-0.2,0.2,0.025,0,0,0,0,1,0.00,0.00,0
5.727827,0,0.2741422,0.1009142,0.09319261,273.56,47.71997,10.06003,0.02,0,0.307848,0.09598663,0.08148322,283.14,260.44,355.01,0.02,0.2676279,0.01505157,0.160716,0,0,0,0.05,500,0.3,0.025,0.2,0.2,0.025,0.3,0.025,-0.2,0.2,0.025,0,0,0,0,1,0.00,0.00,0
5.738177,0,0.2754884,0.102362,0.09354822,273.4299,47.94004,9.949964,0.02,0,0.3091942,0.09733283,0.08171181,282.96,260.66,354.84,0.02,0.267628,0.01511552,0.1607165,0,0,0,0.05,500,0.3,0.025,0.2,0.2,0.025,0.3,0.025,-0.2,0.2,0.025,0,0,0,0,1,0.00,0.00,0
5.748548,0,0.2768092,0.1038098,0.0936498,273.3399,48.13987,9.890104,0.02,0,0.3113024,0.09933943,0.08214361,282.72,260.93,354.59,0.02,0.2676282,0.01517446,0.1607168,0,0,0,0.05,500,0.3,0.025,0.2,0.2,0.025,0.3,0.025,-0.2,0.2,0.025,0,0,0,0,1,0.00,0.00,0
5.759102,0,0.2786126,0.1057148,0.09398004,273.1898,48.42998,9.79998,0.02,0,0.3126486,0.1006856,0.08237221,282.57,261.1,354.46,0.02,0.2676283,0.01522222,0.1607171,0,0,0,0.05,500,0.3,0.025,0.2,0.2,0.025,0.3,0.025,-0.2,0.2,0.025,0,0,0,0,1,0.00,0.00,0
5.769646,0,0.2797302,0.106934,0.09410702,273.1199,48.56005,9.779939,0.02,0,0.3139948,0.1018032,0.08260081,282.39,261.25,354.33,0.02,0.2676284,0.01525538,0.1607173,0,0,0,0.05,500,0.3,0.025,0.2,0.2,0.025,0.3,0.025,-0.2,0.2,0.025,0,0,0,0,1,0.00,0.00,0
5.779553,0,0.281178,0.1084834,0.09443722,273.0499,48.71006,9.779924,0.02,0,0.3158998,0.1034796,0.08305802,282.13,261.5,354.13,0.02,0.2676285,0.01527311,0.1607175,0,0,0,0.05,500,0.3,0.025,0.2,0.2,0.025,0.3,0.025,-0.2,0.2,0.025,0,0,0,0,1,0.00,0.00,0
5.789688,0,0.2819654,0.1094994,0.09486902,272.99,48.75991,9.760065,0.02,0,0.317119,0.1045972,0.08338822,281.93,261.65,354,0.02,0.2676285,0.01527663,0.1607176,0,0,0,0.05,500,0.3,0.025,0.2,0.2,0.025,0.3,0.025,-0.2,0.2,0.025,0,0,0,0,1,0.00,0.00,0
5.800231,0,0.2827274,0.1102868,0.09509763,273.0299,48.79991,9.78007,0.02,0,0.319024,0.105918,0.08382002,281.62,261.85,353.83,0.02,0.2676286,0.01526868,0.1607177,0,0,0,0.05,500,0.3,0.025,0.2,0.2,0.025,0.3,0.025,-0.2,0.2,0.025,0,0,0,0,1,0.00,0.00,0
5.810737,0,0.2827274,0.1102868,0.09509763,273.0299,48.79991,9.78007,0.02,0,0.319024,0.105918,0.08382002,281.62,261.85,353.83,0.02,0.2676286,0.01526868,0.1607177,0,0,0,0.05,500,0.3,0.025,0.2,0.2,0.025,0.3,0.025,-0.2,0.2,0.025,0,0,0,0,1,0.00,0.00,0
5.821615,0,0.2840736,0.1121918,0.09578343,273.27,48.74004,9.819963,0.02,0,0.3213608,0.1075944,0.08437882,281.21,262.09,353.65,0.02,0.2676286,0.01525278,0.1607178,0,0,0,0.05,500,0.3,0.025,0.2,0.2,0.025,0.3,0.025,-0.2,0.2,0.025,0,0,0,0,1,0.00,0.00,0
5.831203,0,0.2845308,0.1130808,0.09621523,273.5399,48.63008,9.819908,0.02,0,0.3230372,0.1086104,0.08493762,280.9,262.24,353.52,0.02,0.2676286,0.01523266,0.1607178,0,0,0,0.05,500,0.3,0.025,0.2,0.2,0.025,0.3,0.025,-0.2,0.2,0.025,0,0,0,0,1,0.00,0.00,0
5.850771,0,0.284734,0.1135126,0.09667242,273.7099,48.53989,9.80009,0.02,0,0.3239262,0.1091692,0.08539481,280.68,262.33,353.43,0.02,0.2676287,0.0151928,0.1607179,0,0,0,0.05,500,0.3,0.025,0.2,0.2,0.025,0.3,0.025,-0.2,0.2,0.025,0,0,0,0,1,0.00,0.00,0
5.868142,0,0.2850896,0.1147572,0.09822183,274.4799,48.20998,9.669992,0.02,0,0.3268218,0.1107186,0.08674102,280.17,262.51,353.23,0.02,0.2676287,0.0151675,0.1607179,0,0,0,0.05,500,0.3,0.025,0.2,0.2,0.025,0.3,0.025,-0.2,0.2,0.025,0,0,0,0,1,0.00,0.00,0
5.884364,0,0.2849626,0.1150874,0.09890763,274.7899,48.08001,9.599983,0.02,0,0.3278378,0.1111758,0.08750302,280.04,262.53,353.12,0.02,0.2676287,0.01516233,0.160718,0,0,0,0.05,500,0.3,0.025,0.2,0.2,0.025,0.3,0.025,-0.2,0.2,0.025,0,0,0,0,1,0,0.00,0
5.893926,0,0.2849626,0.115189,0.09946644,274.9899,47.97004,9.539985,0.02,0,0.3282696,0.1112774,0.08806182,279.93,262.53,353.06,0.02,0.2676287,0.01516173,0.160718,0,0,0,0.05,500,0.3,0.025,0.2,0.2,0.025,0.3,0.025,-0.2,0.2,0.025,0,0,0,0,1,,0.00,0
5.917873,0,0.2844038,0.115316,0.101473,275.7099,47.55,9.339999,0.02,0,0.329946,0.1117346,0.09019542,279.71,262.35,352.75,0.02,0.2676287,0.01517021,0.160718,0,0,0,0.05,500,0.3,0.025,0.2,0.2,0.025,0.3,0.025,-0.2,0.2,0.025,0,0,0,0,1,00,0.00,0
5.929492,0,0.2840736,0.115189,0.1025906,276.0599,47.28998,9.290021,0.02,0,0.3306318,0.1117346,0.091186,279.62,262.22,352.57,0.02,0.2676287,0.01517691,0.160718,0,0,0,0.05,500,0.3,0.025,0.2,0.2,0.025,0.3,0.025,-0.2,0.2,0.025,0,0,0,0,1,00,0.00,0
5.941844,0,0.2837434,0.1150874,0.1033526,276.31,47.09001,9.270003,0.02,0,0.330962,0.1117346,0.09187181,279.5599,262.13,352.46,0.02,0.2676287,0.01518373,0.160718,0,0,0,0.05,500,0.3,0.025,0.2,0.2,0.025,0.3,0.025,-0.2,0.2,0.025,0,0,0,0,1,0,0.00,0
5.951145,0,0.2832862,0.1148588,0.10414,276.61,46.84999,9.270007,0.02,0,0.3316224,0.111506,0.09298941,279.5099,261.98,352.29,0.02,0.2676287,0.01518981,0.160718,0,0,0,0.05,500,0.3,0.025,0.2,0.2,0.025,0.3,0.025,-0.2,0.2,0.025,0,0,0,0,1,0,0.00,0
6.507289,0,0.2874264,-0.1001268,0.3048255,342.99,79.48001,9.669999,0.02,0,0.3132074,-0.1348486,0.2826259,352.22,248.93,3.410001,0.02,0.2676287,0.01518997,0.160718,0,0,0,0.05,500,0.3,0.025,0.2,0.2,0.025,0.3,0.025,-0.2,0.2,0.025,0,0,0,0,1,0.00,0.00,0
6.560545,0,0.290322,-0.1107186,0.3203449,341.46,75.34,9.229998,0.02,0,0.3177794,-0.1433322,0.2921001,353.1,239.66,1.82,0.02,0.2676287,0.01519001,0.160718,0,0,0,0.05,500,0.3,0.025,0.2,0.2,0.025,0.3,0.025,-0.2,0.2,0.025,0,0,0,0,1,,0.00,0
6.598611,0,0.290322,-0.1176528,0.330835,342.36,73.67001,11.43,0.02,0,0.3187954,-0.149225,0.2990342,355.23,236.54,2.129997,0.02,0.2676287,0.01519001,0.160718,0,0,0,0.05,500,0.3,0.025,0.2,0.2,0.025,0.3,0.025,-0.2,0.2,0.025,0,0,0,0,1,0,0.00,0
6.606936,0,0.2899918,-0.1187704,0.3328417,342.75,73.54001,11.95,0.02,0,0.3184652,-0.150241,0.3004821,355.83,236.27,2.439998,0.02,0.2676287,0.01519001,0.160718,0,0,0,0.05,500,0.3,0.025,0.2,0.2,0.025,0.3,0.025,-0.2,0.2,0.025,0,0,0,0,1,0.00,0.00,0
6.619076,0,0.2896616,-0.119888,0.3348736,343.21,73.43,12.5,0.02,0,0.3182366,-0.1518158,0.3020568,356.46,236.03,2.77,0.02,0.2676287,0.01519001,0.160718,0,0,0,0.05,500,0.3,0.025,0.2,0.2,0.025,0.3,0.025,-0.2,0.2,0.025,0,0,0,0,1,0.00,0.00,0
6.636956,0,0.2887726,-0.1210056,0.338328,343.98,73.34,13.34,0.02,0,0.3175508,-0.1536954,0.3044952,357.41,235.92,3.52,0.02,0.2676287,0.01519,0.160718,0,0,0,0.05,500,0.3,0.025,0.2,0.2,0.025,0.3,0.025,-0.2,0.2,0.025,0,0,0,0,1,0.00,0.00,0
6.64571,0,0.2877566,-0.1227836,0.3435605,345.83,73.05999,14.37,0.02,0,0.3164332,-0.1568196,0.3083053,359.32,236.05,4.939998,0.02,0.2676287,0.01519,0.160718,0,0,0,0.05,500,0.3,0.025,0.2,0.2,0.025,0.3,0.025,-0.2,0.2,0.025,0,0,0,0,1,0.00,0.00,0
6.653608,0,0.2877566,-0.1227836,0.3435605,345.83,73.05999,14.37,0.02,0,0.3164332,-0.1568196,0.3083053,359.32,236.05,4.939998,0.02,0.2676287,0.01519,0.160718,0,0,0,0.05,500,0.3,0.025,0.2,0.2,0.025,0.3,0.025,-0.2,0.2,0.025,0,0,0,0,1,0.00,0.00,0
6.662534,0,0.287528,-0.1233424,0.3457957,346.53,72.91,14.72,0.02,0,0.316103,-0.1580642,0.3100833,0.08999653,236.16,5.469999,0.02,0.2676287,0.01519,0.160718,0,0,0,0.05,500,0.3,0.025,0.2,0.2,0.025,0.3,0.025,-0.2,0.2,0.025,0,0,0,0,1,0.00,0.00,0
6.673906,0,0.2874264,-0.123571,0.3475991,347.28,72.71001,15.03,0.02,0,0.3156712,-0.1588262,0.3116581,0.9699972,236.29,6.000003,0.02,0.2676287,0.01519,0.160718,0,0,0,0.05,500,0.3,0.025,0.2,0.2,0.025,0.3,0.025,-0.2,0.2,0.025,0,0,0,0,1,0.00,0.00,0
6.683445,0,0.2871978,-0.1241298,0.3499359,348.27,72.31001,15.4,0.02,0,0.315214,-0.1600708,0.3138679,2.33,236.4,6.639999,0.02,0.2676287,0.01519,0.160718,0,0,0,0.05,500,0.3,0.025,0.2,0.2,0.025,0.3,0.025,-0.2,0.2,0.025,0,0,0,0,1,0.00,0.00,0
6.694969,0,0.286766,-0.1252474,0.3538474,349.43,71.59,16.25999,0.02,0,0.3149854,-0.1609598,0.3154427,3.25,236.47,7.010002,0.02,0.2676287,0.01519,0.160718,0,0,0,0.05,500,0.3,0.025,0.2,0.2,0.025,0.3,0.025,-0.2,0.2,0.025,0,0,0,0,1,0.00,0.00,0
6.70626,0,0.2865374,-0.1258062,0.3551683,349.85,71.25999,16.67999,0.02,0,0.314325,-0.1629664,0.3190241,5.449995,236.65,7.980002,0.02,0.2676287,0.01519,0.160718,0,0,0,0.05,500,0.3,0.025,0.2,0.2,0.025,0.3,0.025,-0.2,0.2,0.025,0,0,0,0,1,0.00,0.00,0
6.715273,0,0.2863088,-0.1267968,0.3564129,350.18,70.88,17.15999,0.02,0,0.3140964,-0.1641856,0.3201417,6.26,236.73,8.349998,0.02,0.2676287,0.01519,0.160718,0,0,0,0.05,500,0.3,0.025,0.2,0.2,0.025,0.3,0.025,-0.2,0.2,0.025,0,0,0,0,1,0.00,0.00,0
6.725361,0,0.2863088,-0.1279144,0.3580892,350.73,70.36001,18.02,0.02,0,0.3140964,-0.1641856,0.3201417,6.26,236.73,8.349998,0.02,0.2676287,0.01519,0.160718,0,0,0,0.05,500,0.3,0.025,0.2,0.2,0.025,0.3,0.025,-0.2,0.2,0.025,0,0,0,0,1,0.00,0.00,0
6.735836,0,0.2858516,-0.1288034,0.3589783,351.04,70.05001,18.52,0.02,0,0.3136646,-0.1666494,0.3222499,7.929997,237.37,9.430001,0.02,0.2676287,0.01519,0.160718,0,0,0,0.05,500,0.3,0.025,0.2,0.2,0.025,0.3,0.025,-0.2,0.2,0.025,0,0,0,0,1,0.00,0.00,0
6.746211,0,0.28575,-0.1298194,0.3598673,351.47,69.72001,19.14,0.02,0,0.3136646,-0.1680972,0.3228087,8.719998,237.83,9.909996,0.02,0.2676287,0.01519,0.160718,0,0,0,0.05,500,0.3,0.025,0.2,0.2,0.025,0.3,0.025,-0.2,0.2,0.025,0,0,0,0,1,0.00,0.00,0
6.757188,0,0.2858516,-0.1301496,0.3606547,351.72,69.63,19.49,0.02,0,0.3137662,-0.1688846,0.3232659,9.100004,238.23,10.15,0.02,0.2676287,0.01519,0.160718,0,0,0,0.05,500,0.3,0.025,0.2,0.2,0.025,0.3,0.025,-0.2,0.2,0.025,0,0,0,0,1,0.00,0.00,0
6.766531,0,0.2858516,-0.1301496,0.3606547,351.72,69.63,19.49,0.02,0,0.3137662,-0.1688846,0.3232659,9.100004,238.23,10.15,0.02,0.2676287,0.01519,0.160718,0,0,0,0.05,500,0.3,0.025,0.2,0.2,0.025,0.3,0.025,-0.2,0.2,0.025,0,0,0,0,1,0.00,0.00,0
6.778323,0,0.2851912,-0.1304798,0.3614167,352.07,69.7,19.84001,0.02,0,0.3135376,-0.1698752,0.323469,9.759995,239.02,10.33,0.02,0.2676287,0.01519,0.160718,0,0,0,0.05,500,0.3,0.025,0.2,0.2,0.025,0.3,0.025,-0.2,0.2,0.025,0,0,0,0,1,0.00,0.00,0
6.79593,0,0.284734,-0.1302512,0.3617723,352.05,69.9,19.95,0.02,0,0.3131058,-0.1698752,0.3236977,9.839995,239.39,10.28,0.02,0.2676287,0.01519,0.160718,0,0,0,0.05,500,0.3,0.025,0.2,0.2,0.025,0.3,0.025,-0.2,0.2,0.025,0,0,0,0,1,0.00,0.00,0
6.805005,0,0.2840736,-0.130048,0.3622041,352.11,70.27,20.04,0.02,0,0.3127502,-0.1700022,0.3239263,10.02001,239.88,10.15001,0.02,0.2676287,0.01519,0.160718,0,0,0,0.05,500,0.3,0.025,0.2,0.2,0.025,0.3,0.025,-0.2,0.2,0.025,0,0,0,0,1,0.00,0.00,0
6.812981,0,0.283972,-0.130048,0.3622041,352.13,70.44,20.1,0.02,0,0.31242,-0.1702309,0.3239263,10.11,240.16,10.06,0.02,0.2676287,0.01519,0.160718,0,0,0,0.05,500,0.3,0.025,0.2,0.2,0.025,0.3,0.025,-0.2,0.2,0.025,0,0,0,0,1,0.00,0.00,0
6.822304,0,0.2835148,-0.129921,0.3622041,352.09,70.71,20.18999,0.02,0,0.3120898,-0.1703324,0.3240279,10.13,240.45,10.02,0.02,0.2676287,0.01519,0.160718,0,0,0,0.05,500,0.3,0.025,0.2,0.2,0.025,0.3,0.025,-0.2,0.2,0.025,0,0,0,0,1,0.00,0.00,0
6.832159,0,0.2835148,-0.129921,0.3622041,352.09,70.71,20.18999,0.02,0,0.3120898,-0.1703324,0.3240279,10.13,240.45,10.02,0.02,0.2676287,0.01519,0.160718,0,0,0,0.05,500,0.3,0.025,0.2,0.2,0.025,0.3,0.025,-0.2,0.2,0.025,0,0,0,0,1,0.00,0.00,0
6.843755,0,0.2834132,-0.1298194,0.3621024,352.31,71.37,20.41,0.02,0,0.3117596,-0.1708912,0.3239263,10.39001,241.06,9.869997,0.02,0.2676287,0.01519,0.160718,0,0,0,0.05,500,0.3,0.025,0.2,0.2,0.025,0.3,0.025,-0.2,0.2,0.025,0,0,0,0,1,0.00,0.00,0
6.853033,0,0.2832862,-0.129921,0.3618738,352.44,71.81,20.57,0.02,0,0.311531,-0.1712214,0.3236977,10.52,241.26,9.820002,0.02,0.2676287,0.01519,0.160718,0,0,0,0.05,500,0.3,0.025,0.2,0.2,0.025,0.3,0.025,-0.2,0.2,0.025,0,0,0,0,1,0.00,0.00,0
6.863122,0,0.2831846,-0.130048,0.3616453,352.6,72.16001,20.63,0.02,0,0.3114294,-0.1713484,0.3235961,10.61,241.37,9.779998,0.02,0.2676287,0.01519,0.160718,0,0,0,0.05,500,0.3,0.025,0.2,0.2,0.025,0.3,0.025,-0.2,0.2,0.025,0,0,0,0,1,0.00,0.00,0
6.874659,0,0.2831846,-0.130048,0.3615437,352.71,72.53001,20.7,0.02,0,0.3113024,-0.17145,0.323596,10.68,241.44,9.729995,0.02,0.2676287,0.01519,0.160718,0,0,0,0.05,500,0.3,0.025,0.2,0.2,0.025,0.3,0.025,-0.2,0.2,0.025,0,0,0,0,1,0.00,0.00,0
6.883963,0,0.2828544,-0.1301496,0.3616453,352.84,72.99,20.81,0.02,0,0.3110992,-0.17145,0.323596,10.77,241.48,9.709999,0.02,0.2676287,0.01519,0.160718,0,0,0,0.05,500,0.3,0.025,0.2,0.2,0.025,0.3,0.025,-0.2,0.2,0.025,0,0,0,0,1,0.00,0.00,0
6.897856,0,0.2827274,-0.1303782,0.3621024,352.95,73.45,20.87,0.02,0,0.3109722,-0.17145,0.3236977,10.92,241.39,9.649999,0.02,0.2676287,0.01519,0.160718,0,0,0,0.05,500,0.3,0.025,0.2,0.2,0.025,0.3,0.025,-0.2,0.2,0.025,0,0,0,0,1,0.00,0.00,0
6.906714,0,0.2826258,-0.1303782,0.3623311,352.97,73.56001,20.89999,0.02,0,0.3108706,-0.1713484,0.3238246,10.94,241.35,9.620005,0.02,0.2676287,0.01519,0.160718,0,0,0,0.05,500,0.3,0.025,0.2,0.2,0.025,0.3,0.025,-0.2,0.2,0.025,0,0,0,0,1,0.00,0.00,0
6.916094,0,0.2827274,-0.1306068,0.3624327,353.01,73.59,20.9,0.02,0,0.3108706,-0.1713484,0.3238246,11.00999,241.28,9.599997,0.02,0.2676287,0.01519,0.160718,0,0,0,0.05,500,0.3,0.025,0.2,0.2,0.025,0.3,0.025,-0.2,0.2,0.025,0,0,0,0,1,0.00,0.00,0
6.926296,0,0.2827274,-0.1306068,0.3626612,353.01,73.61,20.92,0.02,0,0.3107436,-0.1712214,0.3240279,11.07,241.15,9.560003,0.02,0.2676287,0.01519,0.160718,0,0,0,0.05,500,0.3,0.025,0.2,0.2,0.025,0.3,0.025,-0.2,0.2,0.025,0,0,0,0,1,0.00,0.00,0
6.936202,0,0.2827274,-0.1306068,0.3628899,352.99,73.63,20.94,0.02,0,0.3107436,-0.1711198,0.3241548,11.12,241.06,9.540002,0.02,0.2676287,0.01519,0.160718,0,0,0,0.05,500,0.3,0.025,0.2,0.2,0.025,0.3,0.025,-0.2,0.2,0.025,0,0,0,0,1,0.00,0.00,0
6.955223,0,0.2827274,-0.1306068,0.3629915,353.03,73.61002,20.96001,0.02,0,0.3107436,-0.1709928,0.3243835,11.27,240.89,9.469998,0.02,0.2676287,0.01519,0.160718,0,0,0,0.05,500,0.3,0.025,0.2,0.2,0.025,0.3,0.025,-0.2,0.2,0.025,0,0,0,0,1,0.00,0.00,0
6.964086,0,0.2828544,-0.1307084,0.3629915,353.06,73.55999,20.98001,0.02,0,0.310642,-0.1711198,0.3245867,11.36,240.78,9.430002,0.02,0.2676287,0.01519,0.160718,0,0,0,0.05,500,0.3,0.025,0.2,0.2,0.025,0.3,0.025,-0.2,0.2,0.025,0,0,0,0,1,0.00,0.00,0
6.973398,0,0.2828544,-0.1307084,0.363093,353.06,73.54,21.01,0.02,0,0.310642,-0.1711198,0.3247137,11.44999,240.73,9.399992,0.02,0.2676287,0.01519,0.160718,0,0,0,0.05,500,0.3,0.025,0.2,0.2,0.025,0.3,0.025,-0.2,0.2,0.025,0,0,0,0,1,0.00,0.00,0
6.982363,0,0.282956,-0.1307084,0.3632201,353.12,73.48001,21.05,0.02,0,0.3107436,-0.1711198,0.3248152,11.6,240.69,9.380003,0.02,0.2676287,0.01519,0.160718,0,0,0,0.05,500,0.3,0.025,0.2,0.2,0.025,0.3,0.025,-0.2,0.2,0.025,0,0,0,0,1,0.00,0.00,0
6.992277,0,0.283083,-0.1307084,0.3633217,353.17,73.41001,21.09,0.02,0,0.3107436,-0.1711198,0.3249168,11.67,240.67,9.379999,0.02,0.2676287,0.01519,0.160718,0,0,0,0.05,500,0.3,0.025,0.2,0.2,0.025,0.3,0.025,-0.2,0.2,0.025,0,0,0,0,1,0.00,0.00,0
7.001863,0,0.2832862,-0.1307084,0.3634486,353.3,73.26,21.18,0.02,0,0.3107436,-0.1711198,0.3250438,11.8,240.69,9.36,0.02,0.2676287,0.01519,0.160718,0,0,0,0.05,500,0.3,0.025,0.2,0.2,0.025,0.3,0.025,-0.2,0.2,0.025,0,0,0,0,1,0.00,0.00,0
7.013675,0,0.2834132,-0.1306068,0.3634486,353.45,73.13,21.25001,0.02,0,0.3108706,-0.1711198,0.3250438,11.89,240.69,9.359997,0.02,0.2676287,0.01519,0.160718,0,0,0,0.05,500,0.3,0.025,0.2,0.2,0.025,0.3,0.025,-0.2,0.2,0.025,0,0,0,0,1,0.00,0.00,0
7.023294,0,0.2835148,-0.1306068,0.3635502,353.54,72.99001,21.29,0.02,0,0.3108706,-0.1709928,0.3251455,11.95,240.69,9.359999,0.02,0.2676287,0.01519,0.160718,0,0,0,0.05,500,0.3,0.025,0.2,0.2,0.025,0.3,0.025,-0.2,0.2,0.025,0,0,0,0,1,0.00,0.00,0
7.033839,0,0.283972,-0.1306068,0.3635502,353.74,72.76999,21.37999,0.02,0,0.3109722,-0.1709928,0.3251455,12.06,240.67,9.360001,0.02,0.2676287,0.01519,0.160718,0,0,0,0.05,500,0.3,0.025,0.2,0.2,0.025,0.3,0.025,-0.2,0.2,0.025,0,0,0,0,1,0.00,0.00,0
7.044074,0,0.283972,-0.1306068,0.3635502,353.74,72.76999,21.37999,0.02,0,0.3109722,-0.1709928,0.3251455,12.06,240.67,9.360001,0.02,0.2676287,0.01519,0.160718,0,0,0,0.05,500,0.3,0.025,0.2,0.2,0.025,0.3,0.025,-0.2,0.2,0.025,0,0,0,0,1,0.00,0.00,0
7.053687,0,0.2841752,-0.1303782,0.3636519,353.89,72.52999,21.42001,0.02,0,0.3112008,-0.1708912,0.3252724,12.22,240.62,9.340002,0.02,0.2676287,0.01519,0.160718,0,0,0,0.05,500,0.3,0.025,0.2,0.2,0.025,0.3,0.025,-0.2,0.2,0.025,0,0,0,0,1,0.00,0.00,0
7.064883,0,0.2843022,-0.1302512,0.3637788,353.96,72.42,21.45,0.02,0,0.3112008,-0.1708912,0.3253741,12.25999,240.6,9.340001,0.02,0.2676287,0.01519,0.160718,0,0,0,0.05,500,0.3,0.025,0.2,0.2,0.025,0.3,0.025,-0.2,0.2,0.025,0,0,0,0,1,0.00,0.00,0
7.074995,0,0.2840736,-0.1301496,0.3640075,353.87,72.40001,21.47,0.02,0,0.3113024,-0.1708912,0.3253741,12.28,240.58,9.339996,0.02,0.2676287,0.01519,0.160718,0,0,0,0.05,500,0.3,0.025,0.2,0.2,0.025,0.3,0.025,-0.2,0.2,0.025,0,0,0,0,1,0.00,0.00,0
7.085593,0,0.283972,-0.130048,0.3641091,353.85,72.38,21.47,0.02,0,0.3112008,-0.1706626,0.3257043,12.24,240.53,9.320002,0.02,0.2676287,0.01519,0.160718,0,0,0,0.05,500,0.3,0.025,0.2,0.2,0.025,0.3,0.025,-0.2,0.2,0.025,0,0,0,0,1,0.00,0.00,0
7.096133,0,0.283972,-0.130048,0.3642107,353.78,72.31,21.49001,0.02,0,0.3110992,-0.1707896,0.3258313,12.22001,240.51,9.319998,0.02,0.2676287,0.01519,0.160718,0,0,0,0.05,500,0.3,0.025,0.2,0.2,0.025,0.3,0.025,-0.2,0.2,0.025,0,0,0,0,1,0.00,0.00,0
7.114698,0,0.283845,-0.130048,0.3643377,353.72,72.31,21.51,0.02,0,0.3109722,-0.1706626,0.3259329,12.17,240.49,9.320002,0.02,0.2676287,0.01519,0.160718,0,0,0,0.05,500,0.3,0.025,0.2,0.2,0.025,0.3,0.025,-0.2,0.2,0.025,0,0,0,0,1,0.00,0.00,0
7.133988,0,0.2837434,-0.130048,0.3645663,353.63,72.25,21.49,0.02,0,0.3108706,-0.1707896,0.3261614,12.11001,240.45,9.290004,0.02,0.2676287,0.01519,0.160718,0,0,0,0.05,500,0.3,0.025,0.2,0.2,0.025,0.3,0.025,-0.2,0.2,0.025,0,0,0,0,1,0.00,0.00,0
7.146195,0,0.2835148,-0.129921,0.3647695,353.56,72.25001,21.49001,0.02,0,0.3107436,-0.1706626,0.3262631,12.04,240.42,9.290003,0.02,0.2676287,0.01519,0.160718,0,0,0,0.05,500,0.3,0.025,0.2,0.2,0.025,0.3,0.025,-0.2,0.2,0.025,0,0,0,0,1,.00,0.00,0
7.15844,0,0.2834132,-0.129921,0.3648964,353.54,72.25002,21.47,0.02,0,0.3107436,-0.1706626,0.3262631,12.02001,240.45,9.27,0.02,0.2676287,0.01519,0.160718,0,0,0,0.05,500,0.3,0.025,0.2,0.2,0.025,0.3,0.025,-0.2,0.2,0.025,0,0,0,0,1,.00,0.00,0
7.170428,0,0.2832862,-0.129921,0.3648964,353.52,72.25,21.47,0.02,0,0.3107436,-0.1706626,0.3263901,12,240.45,9.269999,0.02,0.2676287,0.01519,0.160718,0,0,0,0.05,500,0.3,0.025,0.2,0.2,0.025,0.3,0.025,-0.2,0.2,0.025,0,0,0,0,1,00,0.00,0
7.18287,0,0.2831846,-0.1298194,0.364998,353.5,72.27,21.45,0.02,0,0.310642,-0.170561,0.3263901,11.98,240.47,9.270001,0.02,0.2676287,0.01519,0.160718,0,0,0,0.05,500,0.3,0.025,0.2,0.2,0.025,0.3,0.025,-0.2,0.2,0.025,0,0,0,0,1,0,0.00,0
7.195105,0,0.283083,-0.1298194,0.3651251,353.47,72.29,21.42,0.02,0,0.310642,-0.170561,0.3264916,11.98,240.47,9.270001,0.02,0.2676287,0.01519,0.160718,0,0,0,0.05,500,0.3,0.025,0.2,0.2,0.025,0.3,0.025,-0.2,0.2,0.025,0,0,0,0,1,,0.00,0
7.273227,0,0.2834132,-0.130048,0.3653283,353.47,72.27,21.29,0.02,0,0.310642,-0.1706626,0.3264917,11.87,240.6,9.209998,0.02,0.2676287,0.01519,0.160718,0,0,0,0.05,500,0.3,0.025,0.2,0.2,0.025,0.3,0.025,-0.2,0.2,0.025,0,0,0,0,1,,0.00,0
7.282957,0,0.2835148,-0.1301496,0.3653283,353.54,72.21999,21.25,0.02,0,0.3107436,-0.1708912,0.3263901,11.87,240.62,9.159997,0.02,0.2676287,0.01519,0.160718,0,0,0,0.05,500,0.3,0.025,0.2,0.2,0.025,0.3,0.025,-0.2,0.2,0.025,0,0,0,0,1,,0.00,0
7.291511,0,0.2836418,-0.1302512,0.3652267,353.56,72.22,21.23,0.02,0,0.3107436,-0.1708912,0.3262631,11.84,240.64,9.140001,0.02,0.2676287,0.01519,0.160718,0,0,0,0.05,500,0.3,0.025,0.2,0.2,0.025,0.3,0.025,-0.2,0.2,0.025,0,0,0,0,1,,0.00,0
7.299883,0,0.2836418,-0.1302512,0.3652267,353.56,72.22,21.23,0.02,0,0.3107436,-0.1708912,0.3262631,11.84,240.64,9.140001,0.02,0.2676287,0.01519,0.160718,0,0,0,0.05,500,0.3,0.025,0.2,0.2,0.025,0.3,0.025,-0.2,0.2,0.025,0,0,0,0,1,,0.00,0
7.311203,0,0.2836418,-0.1302512,0.3652267,353.63,72.25001,21.14,0.02,0,0.3105404,-0.1708912,0.3261614,11.8,240.78,9.050001,0.02,0.2676287,0.01519,0.160718,0,0,0,0.05,500,0.3,0.025,0.2,0.2,0.025,0.3,0.025,-0.2,0.2,0.025,0,0,0,0,1,,0.00,0
7.320796,0,0.2836418,-0.1302512,0.3652267,353.63,72.25001,21.14,0.02,0,0.3105404,-0.1708912,0.3261614,11.8,240.78,9.050001,0.02,0.2676287,0.01519,0.160718,0,0,0,0.05,500,0.3,0.025,0.2,0.2,0.025,0.3,0.025,-0.2,0.2,0.025,0,0,0,0,1,,0.00,0
7.332736,0,0.2834132,-0.1302512,0.3652267,353.65,72.30999,21.09,0.02,0,0.3100832,-0.1706626,0.3262631,11.67,240.97,8.99,0.02,0.2676287,0.01519,0.160718,0,0,0,0.05,500,0.3,0.025,0.2,0.2,0.025,0.3,0.025,-0.2,0.2,0.025,0,0,0,0,1,,0.00,0
7.342169,0,0.2834132,-0.1302512,0.3653283,353.65,72.30999,21.06999,0.02,0,0.3099816,-0.1706626,0.3263901,11.62001,241.04,8.990005,0.02,0.2676287,0.01519,0.160718,0,0,0,0.05,500,0.3,0.025,0.2,0.2,0.025,0.3,0.025,-0.2,0.2,0.025,0,0,0,0,1,,0.00,0
7.351653,0,0.2832862,-0.1302512,0.3653283,353.65,72.33,21.06999,0.02,0,0.3099816,-0.1706626,0.3264917,11.58,241.11,8.989999,0.02,0.2676287,0.01519,0.160718,0,0,0,0.05,500,0.3,0.025,0.2,0.2,0.025,0.3,0.025,-0.2,0.2,0.025,0,0,0,0,1,,0.00,0
7.363479,0,0.2832862,-0.1302512,0.3654552,353.65,72.33,21.06999,0.02,0,0.3099816,-0.1707896,0.3264917,11.55999,241.13,8.989999,0.02,0.2676287,0.01519,0.160718,0,0,0,0.05,500,0.3,0.025,0.2,0.2,0.025,0.3,0.025,-0.2,0.2,0.025,0,0,0,0,1,,0.00,0
7.373353,0,0.2832862,-0.1302512,0.3654552,353.67,72.31,21.05,0.02,0,0.3099816,-0.1708912,0.3264917,11.54001,241.15,8.989999,0.02,0.2676287,0.01519,0.160718,0,0,0,0.05,500,0.3,0.025,0.2,0.2,0.025,0.3,0.025,-0.2,0.2,0.025,0,0,0,0,1,,0.00,0
7.383733,0,0.2834132,-0.1303782,0.3655569,353.69,72.30999,21.03,0.02,0,0.3100832,-0.1708912,0.3264917,11.56,241.15,8.990002,0.02,0.2676287,0.01519,0.160718,0,0,0,0.05,500,0.3,0.025,0.2,0.2,0.025,0.3,0.025,-0.2,0.2,0.025,0,0,0,0,1,,0.00,0
7.394462,0,0.2834132,-0.1304798,0.3656584,353.72,72.29,21.03,0.02,0,0.3100832,-0.1709928,0.3264917,11.56,241.15,8.990002,0.02,0.2676287,0.01519,0.160718,0,0,0,0.05,500,0.3,0.025,0.2,0.2,0.025,0.3,0.025,-0.2,0.2,0.025,0,0,0,0,1,,0.00,0
7.410424,0,0.2834132,-0.1306068,0.3656585,353.8,72.31,20.98,0.02,0,0.3100832,-0.1709928,0.3264917,11.56,241.15,8.990002,0.02,0.2676287,0.01519,0.160718,0,0,0,0.05,500,0.3,0.025,0.2,0.2,0.025,0.3,0.025,-0.2,0.2,0.025,0,0,0,0,1,,0.00,0
7.42765,0,0.2834132,-0.1306068,0.3656585,353.83,72.33,20.98,0.02,0,0.3100832,-0.1709928,0.3264917,11.55999,241.13,8.989999,0.02,0.2676287,0.01519,0.160718,0,0,0,0.05,500,0.3,0.025,0.2,0.2,0.025,0.3,0.025,-0.2,0.2,0.025,0,0,0,0,1,0.00,0.00,0
7.441831,0,0.2831846,-0.1306068,0.3656585,353.89,72.39999,21.01,0.02,0,0.3100832,-0.1709928,0.3264917,11.54,241.13,8.989998,0.02,0.2676287,0.01519,0.160718,0,0,0,0.05,500,0.3,0.025,0.2,0.2,0.025,0.3,0.025,-0.2,0.2,0.025,0,0,0,0,1,0.00,0.00,0
7.452837,0,0.2831846,-0.1307084,0.3655569,353.94,72.42,21.03,0.02,0,0.3099816,-0.1709928,0.3264917,11.54,241.13,9.010001,0.02,0.2676287,0.01519,0.160718,0,0,0,0.05,500,0.3,0.025,0.2,0.2,0.025,0.3,0.025,-0.2,0.2,0.025,0,0,0,0,1,.00,0.00,0
7.465563,0,0.283083,-0.13081,0.3654552,353.98,72.44001,21.12,0.02,0,0.3099816,-0.1709928,0.3263901,11.51,241.13,9.010002,0.02,0.2676287,0.01519,0.160718,0,0,0,0.05,500,0.3,0.025,0.2,0.2,0.025,0.3,0.025,-0.2,0.2,0.025,0,0,0,0,1,.00,0.00,0
7.477587,0,0.283083,-0.1310386,0.3654552,354.02,72.47,21.2,0.02,0,0.3099816,-0.1709928,0.3263901,11.51,241.11,9.010001,0.02,0.2676287,0.01519,0.160718,0,0,0,0.05,500,0.3,0.025,0.2,0.2,0.025,0.3,0.025,-0.2,0.2,0.025,0,0,0,0,1,00,0.00,0
7.490395,0,0.2831846,-0.1312672,0.3653283,354.05,72.47001,21.29,0.02,0,0.3099816,-0.1709928,0.3263901,11.49,241.08,9.029996,0.02,0.2676287,0.01519,0.160718,0,0,0,0.05,500,0.3,0.025,0.2,0.2,0.025,0.3,0.025,-0.2,0.2,0.025,0,0,0,0,1,0,0.00,0
7.499208,0,0.2831846,-0.1312672,0.3653283,354.05,72.47001,21.29,0.02,0,0.3099816,-0.1709928,0.3263901,11.49,241.08,9.029996,0.02,0.2676287,0.01519,0.160718,0,0,0,0.05,500,0.3,0.025,0.2,0.2,0.025,0.3,0.025,-0.2,0.2,0.025,0,0,0,0,1,0.00,0.00,0
7.516014,0,0.2834132,-0.1313688,0.3655569,354.07,72.60001,21.4,0.02,0,0.3099816,-0.1709928,0.3262631,11.45,241.06,9.070003,0.02,0.2676287,0.01519,0.160718,0,0,0,0.05,500,0.3,0.025,0.2,0.2,0.025,0.3,0.025,-0.2,0.2,0.025,0,0,0,0,1,0.00,0.00,0
