CurrentTime [sec],indexPositionCommand (1-DoF) [mm],indexPosition X [mm],indexPosition Y [mm],indexPosition Z [mm],indexOrientation X [deg],indexOrientation Y [deg],indexOrientation Z [deg],indexScaleValue [m],thumbPositionCommand (1-DoF) [mm],thumbPosition X [mm],thumbPosition Y [mm],thumbPosition Z [mm],thumbOrientation X [deg],thumbOrientation Y [deg],thumbOrientation Z [deg],thumbScaleValue [m],spherePosition X [mm],spherePosition Y [mm],spherePosition Z [mm],sphereOrientation X [deg],sphereOrientation Y [deg],sphereOrientation Z [deg],sphereScaleValue [m],sphereStiffness [N/m],startingAreaPosition X [mm],startingAreaPosition Y [mm],startingAreaPosition Z [mm],startingAreaRadius [m],startingAreaHeight [m],targetAreaPosition X [mm],targetAreaPosition Y [mm],targetAreaPosition Z [mm],targetAreaRadius [m],targetAreaHerght [m],Successes,Failures,timeOfCurrentSuccess [sec],timeSinceLastSuccess [sec],Trial Number,Arduino finalPos1 [mm],Arduino finalPos2 [mm],Arduino Elapsed Time [ms]
0.02,0,0.4882388,-0.1743456,-0.5754117,68.16002,24.94,359.65,0.01,0,0.517144,-0.1711198,-0.570154,60.17999,187.91,7.759998,0.01,0.3,0.025,0.2,2.419838E-05,0,0,0.05,50,0.3,0.025,0.2,0.2,0.025,0.3,0.025,-0.2,0.2,0.025,0,0,0,0,1,0,0.00,0
0.3195628,0,0.4882388,-0.6334537,-0.5754118,68.16,24.94001,359.63,0.01,0,0.517144,-0.6302279,-0.5701541,60.17999,187.91,7.759998,0.01,0.3,0.025,0.2,2.42294E-05,0,0,0.05,50,0.3,0.025,0.2,0.2,0.025,0.3,0.025,-0.2,0.2,0.025,0,0,0,0,1,0.00,0.00,0
0.3494471,0,0.4882388,-0.2415109,-0.5751833,68.16002,24.9,359.54,0.01,0,0.5173726,-0.2378279,-0.5701541,60.16001,187.89,7.759999,0.01,0.3,0.025,0.2,2.42294E-05,0,0,0.05,50,0.3,0.025,0.2,0.2,0.025,0.3,0.025,-0.2,0.2,0.025,0,0,0,0,1,0.00,0.00,0
0.3674021,0,0.4882388,-0.1748028,-0.5751832,68.16,24.9,359.54,0.01,0,0.5173726,-0.1711198,-0.5702809,60.16001,187.89,7.779998,0.01,0.3,0.025,0.2,2.42294E-05,0,0,0.05,50,0.3,0.025,0.2,0.2,0.025,0.3,0.025,-0.2,0.2,0.025,0,0,0,0,1,0.00,0.00,1
0.3773611,0,0.4882388,-0.1748028,-0.5751832,68.16,24.9,359.54,0.01,0,0.5173726,-0.1711198,-0.5702809,60.16001,187.89,7.779998,0.01,0.3,0.025,0.2,2.42294E-05,0,0,0.05,50,0.3,0.025,0.2,0.2,0.025,0.3,0.025,-0.2,0.2,0.025,0,0,0,0,1,0.00,0.00,0
0.3847866,0,0.4882388,-0.1749044,-0.5750815,68.16,24.87001,359.52,0.01,0,0.5173726,-0.1711198,-0.5702809,60.16001,187.89,7.779998,0.01,0.3,0.025,0.2,2.42294E-05,0,0,0.05,50,0.3,0.025,0.2,0.2,0.025,0.3,0.025,-0.2,0.2,0.025,0,0,0,0,1,0.00,0.00,0
0.3913083,0,0.4882388,-0.1749044,-0.5750815,68.16,24.87001,359.52,0.01,0,0.5173726,-0.1711198,-0.5702809,60.16001,187.89,7.779998,0.01,0.3,0.025,0.2,2.42294E-05,0,0,0.05,50,0.3,0.025,0.2,0.2,0.025,0.3,0.025,-0.2,0.2,0.025,0,0,0,0,1,0.?b?r??b?j
0.00,0.00,0
0.397433,0,0.4882388,-0.1749044,-0.5750815,68.16,24.87001,359.52,0.01,0,0.5173726,-0.1711198,-0.5702809,60.16001,187.89,7.779998,0.01,0.3,0.025,0.2,2.42294E-05,0,0,0.05,50,0.3,0.025,0.2,0.2,0.025,0.3,0.025,-0.2,0.2,0.025,0,0,0,0,1,0.00,0.00,1
0.4039356,0,0.4882388,-0.1749044,-0.5750815,68.16,24.87001,359.52,0.01,0,0.5174742,-0.1711198,-0.5702809,60.16001,187.89,7.779998,0.01,0.3,0.025,0.2,2.42294E-05,0,0,0.05,50,0.3,0.025,0.2,0.2,0.025,0.3,0.025,-0.2,0.2,0.025,0,0,0,0,1,0.00,0.00,0
0.4130758,0,0.4882388,-0.1749044,-0.5750815,68.16,24.87001,359.52,0.01,0,0.5174742,-0.1711198,-0.5702809,60.16001,187.89,7.779998,0.01,0.3,0.025,0.2,2.42294E-05,0,0,0.05,50,0.3,0.025,0.2,0.2,0.025,0.3,0.025,-0.2,0.2,0.025,0,0,0,0,1,0.00,0.00,0
0.4214804,0,0.4882388,-0.1750314,-0.5750815,68.16,24.87001,359.52,0.01,0,0.5174742,-0.1711198,-0.570154,60.14001,187.91,7.780002,0.01,0.3,0.025,0.2,2.42294E-05,0,0,0.05,50,0.3,0.025,0.2,0.2,0.025,0.3,0.025,-0.2,0.2,0.025,0,0,0,0,1,0.00,0.00,0
0.4283064,0,0.4882388,-0.1750314,-0.5750815,68.16,24.87001,359.52,0.01,0,0.5174742,-0.1711198,-0.570154,60.14001,187.91,7.780002,0.01,0.3,0.025,0.2,2.42294E-05,0,0,0.05,50,0.3,0.025,0.2,0.2,0.025,0.3,0.025,-0.2,0.2,0.025,0,0,0,0,1,0.00,0.00,0
0.4346412,0,0.4882388,-0.1750314,-0.5750815,68.16,24.87001,359.52,0.01,0,0.5174742,-0.1711198,-0.570154,60.14001,187.91,7.780002,0.01,0.3,0.025,0.2,2.42294E-05,0,0,0.05,50,0.3,0.025,0.2,0.2,0.025,0.3,0.025,-0.2,0.2,0.025,0,0,0,0,1,0.00,0.00,0
0.452032,0,0.4881118,-0.1750314,-0.5749546,68.16002,24.87,359.49,0.01,0,0.5174742,-0.1711198,-0.570154,60.14001,187.91,7.780002,0.01,0.3,0.025,0.2,2.42294E-05,0,0,0.05,50,0.3,0.025,0.2,0.2,0.025,0.3,0.025,-0.2,0.2,0.025,0,0,0,0,1,0.00,0.00,5
0.4666794,0,0.4880102,-0.1750314,-0.5749546,68.16002,24.87,359.49,0.01,0,0.5173726,-0.1709928,-0.570154,60.14001,187.91,7.780002,0.01,0.3,0.025,0.2,2.42294E-05,0,0,0.05,50,0.3,0.025,0.2,0.2,0.025,0.3,0.025,-0.2,0.2,0.025,0,0,0,0,1,0.00,0.00,0
0.4735417,0,0.4880102,-0.1750314,-0.5749546,68.16002,24.87,359.49,0.01,0,0.5173726,-0.1709928,-0.570154,60.14001,187.91,7.780002,0.01,0.3,0.025,0.2,2.42294E-05,0,0,0.05,50,0.3,0.025,0.2,0.2,0.025,0.3,0.025,-0.2,0.2,0.025,0,0,0,0,1,0.00,0.00,0
0.4797792,0,0.4880102,-0.1750314,-0.5749546,68.16002,24.87,359.49,0.01,0,0.5173726,-0.1709928,-0.570154,60.14001,187.91,7.780002,0.01,0.3,0.025,0.2,2.42294E-05,0,0,0.05,50,0.3,0.025,0.2,0.2,0.025,0.3,0.025,-0.2,0.2,0.025,0,0,0,0,1,0.00,0.00,0
0.4872221,0,0.4880102,-0.1749044,-0.5749545,68.18001,24.87,359.49,0.01,0,0.5173726,-0.1709928,-0.570154,60.16001,187.91,7.780003,0.01,0.3,0.025,0.2,2.42294E-05,0,0,0.05,50,0.3,0.025,0.2,0.2,0.025,0.3,0.025,-0.2,0.2,0.025,0,0,0,0,1,0.00,0.00,0
0.4952611,0,0.4880102,-0.1749044,-0.5749545,68.18001,24.87,359.49,0.01,0,0.5173726,-0.1709928,-0.570154,60.16001,187.91,7.780003,0.01,0.3,0.025,0.2,2.42294E-05,0,0,0.05,50,0.3,0.025,0.2,0.2,0.025,0.3,0.025,-0.2,0.2,0.025,0,0,0,0,1,0.00,0.00,0
0.5012854,0,0.4878832,-0.1749044,-0.5749545,68.18001,24.87,359.49,0.01,0,0.5172456,-0.1711198,-0.570154,60.18,187.89,7.76,0.01,0.3,0.025,0.2,2.42294E-05,0,0,0.05,50,0.3,0.025,0.2,0.2,0.025,0.3,0.025,-0.2,0.2,0.025,0,0,0,0,1,0.00,0.00,0
0.5075635,0,0.4878832,-0.1749044,-0.5749545,68.18001,24.87,359.49,0.01,0,0.5172456,-0.1711198,-0.570154,60.18,187.89,7.76,0.01,0.3,0.025,0.2,2.42294E-05,0,0,0.05,50,0.3,0.025,0.2,0.2,0.025,0.3,0.025,-0.2,0.2,0.025,0,0,0,0,1,0.00,0.00,0
0.5148201,0,0.4878832,-0.1749044,-0.5749545,68.18001,24.87,359.49,0.01,0,0.5172456,-0.1711198,-0.570154,60.18,187.89,7.76,0.01,0.3,0.025,0.2,2.42294E-05,0,0,0.05,50,0.3,0.025,0.2,0.2,0.025,0.3,0.025,-0.2,0.2,0.025,0,0,0,0,1,0.00,0.00,0
0.5222832,0,0.4877816,-0.1750314,-0.5750815,68.2,24.87001,359.49,0.01,0,0.517144,-0.1712214,-0.570281,60.18,187.89,7.76,0.01,0.3,0.025,0.2,2.42294E-05,0,0,0.05,50,0.3,0.025,0.2,0.2,0.025,0.3,0.025,-0.2,0.2,0.025,0,0,0,0,1,0.00,0.00,0
0.5310372,0,0.4877816,-0.1750314,-0.5750815,68.2,24.87001,359.49,0.01,0,0.517144,-0.1712214,-0.570281,60.18,187.89,7.76,0.01,0.3,0.025,0.2,2.42294E-05,0,0,0.05,50,0.3,0.025,0.2,0.2,0.025,0.3,0.025,-0.2,0.2,0.025,0,0,0,0,1,0.00,0.00,0
0.5376984,0,0.4877816,-0.1750314,-0.5750815,68.2,24.87001,359.49,0.01,0,0.517144,-0.1712214,-0.570281,60.18,187.89,7.76,0.01,0.3,0.025,0.2,2.42294E-05,0,0,0.05,50,0.3,0.025,0.2,0.2,0.025,0.3,0.025,-0.2,0.2,0.025,0,0,0,0,1,0.00,0.00,0
0.544311,0,0.4877816,-0.1750314,-0.5750815,68.19999,24.85001,359.47,0.01,0,0.517144,-0.1713484,-0.5702809,60.18,187.89,7.73,0.01,0.3,0.025,0.2,2.42294E-05,0,0,0.05,50,0.3,0.025,0.2,0.2,0.025,0.3,0.025,-0.2,0.2,0.025,0,0,0,0,1,0.00,0.00,0
0.5502696,0,0.4877816,-0.1750314,-0.5750815,68.19999,24.85001,359.47,0.01,0,0.517144,-0.1713484,-0.5702809,60.18,187.89,7.73,0.01,0.3,0.025,0.2,2.42294E-05,0,0,0.05,50,0.3,0.025,0.2,0.2,0.025,0.3,0.025,-0.2,0.2,0.025,0,0,0,0,1,0.00,0.00,0
0.5573466,0,0.4877816,-0.1750314,-0.5750815,68.19999,24.85001,359.47,0.01,0,0.517144,-0.1713484,-0.5702809,60.18,187.89,7.73,0.01,0.3,0.025,0.2,2.42294E-05,0,0,0.05,50,0.3,0.025,0.2,0.2,0.025,0.3,0.025,-0.2,0.2,0.025,0,0,0,0,1,0.00,0.00,0
0.5672386,0,0.4877816,-0.175133,-0.5750815,68.2,24.84999,359.45,0.01,0,0.517144,-0.17145,-0.5702809,60.18,187.87,7.71,0.01,0.3,0.025,0.2,2.42294E-05,0,0,0.05,50,0.3,0.025,0.2,0.2,0.025,0.3,0.025,-0.2,0.2,0.025,0,0,0,0,1,0.00,0.00,0
0.5746037,0,0.4877816,-0.175133,-0.5750815,68.2,24.84999,359.45,0.01,0,0.517144,-0.17145,-0.5702809,60.18,187.87,7.71,0.01,0.3,0.025,0.2,2.42294E-05,0,0,0.05,50,0.3,0.025,0.2,0.2,0.025,0.3,0.025,-0.2,0.2,0.025,0,0,0,0,1,0.00,0.00,0
0.5822207,0,0.4877816,-0.175133,-0.5750815,68.2,24.84999,359.45,0.01,0,0.5172456,-0.17145,-0.5702809,60.18,187.87,7.71,0.01,0.3,0.025,0.2,2.42294E-05,0,0,0.05,50,0.3,0.025,0.2,0.2,0.025,0.3,0.025,-0.2,0.2,0.025,0,0,0,0,1,0.00,0.00,0
0.588678,0,0.4877816,-0.175133,-0.5750815,68.2,24.84999,359.45,0.01,0,0.5172456,-0.17145,-0.5702809,60.18,187.87,7.71,0.01,0.3,0.025,0.2,2.42294E-05,0,0,0.05,50,0.3,0.025,0.2,0.2,0.025,0.3,0.025,-0.2,0.2,0.025,0,0,0,0,1,0.00,0.00,0
0.593767,0,0.4877816,-0.175133,-0.5750815,68.2,24.84999,359.45,0.01,0,0.5172456,-0.17145,-0.5702809,60.18,187.87,7.71,0.01,0.3,0.025,0.2,2.42294E-05,0,0,0.05,50,0.3,0.025,0.2,0.2,0.025,0.3,0.025,-0.2,0.2,0.025,0,0,0,0,1,0.00,0.00,0
0.5988423,0,0.4877816,-0.175133,-0.5750815,68.2,24.84999,359.45,0.01,0,0.5172456,-0.17145,-0.5702809,60.18,187.87,7.71,0.01,0.3,0.025,0.2,2.42294E-05,0,0,0.05,50,0.3,0.025,0.2,0.2,0.025,0.3,0.025,-0.2,0.2,0.025,0,0,0,0,1,0.00,0.00,0
0.6043663,0,0.4877816,-0.175133,-0.5750815,68.2,24.84999,359.45,0.01,0,0.5172456,-0.1713484,-0.570154,60.16,187.89,7.730002,0.01,0.3,0.025,0.2,2.42294E-05,0,0,0.05,50,0.3,0.025,0.2,0.2,0.025,0.3,0.025,-0.2,0.2,0.025,0,0,0,0,1,0.00,0.00,0
0.6095367,0,0.4877816,-0.175133,-0.5750815,68.2,24.84999,359.45,0.01,0,0.5172456,-0.1713484,-0.570154,60.16,187.89,7.730002,0.01,0.3,0.025,0.2,2.42294E-05,0,0,0.05,50,0.3,0.025,0.2,0.2,0.025,0.3,0.025,-0.2,0.2,0.025,0,0,0,0,1,0.00,0.00,5
0.6148471,0,0.4877816,-0.175133,-0.5750815,68.2,24.84999,359.45,0.01,0,0.5172456,-0.1713484,-0.570154,60.16,187.89,7.730002,0.01,0.3,0.025,0.2,2.42294E-05,0,0,0.05,50,0.3,0.025,0.2,0.2,0.025,0.3,0.025,-0.2,0.2,0.025,0,0,0,0,1,0.00,0.00,0
0.6199223,0,0.4877816,-0.175133,-0.5750815,68.2,24.84999,359.45,0.01,0,0.5172456,-0.1713484,-0.570154,60.16,187.89,7.730002,0.01,0.3,0.025,0.2,2.42294E-05,0,0,0.05,50,0.3,0.025,0.2,0.2,0.025,0.3,0.025,-0.2,0.2,0.025,0,0,0,0,1,0.00,0.00,5
0.6257832,0,0.4877816,-0.175133,-0.5750815,68.2,24.84999,359.45,0.01,0,0.5173726,-0.1713484,-0.570154,60.14002,187.89,7.730002,0.01,0.3,0.025,0.2,2.42294E-05,0,0,0.05,50,0.3,0.025,0.2,0.2,0.025,0.3,0.025,-0.2,0.2,0.025,0,0,0,0,1,0.00,0.00,7
0.6308314,0,0.4877816,-0.175133,-0.5750815,68.2,24.84999,359.45,0.01,0,0.5173726,-0.1713484,-0.570154,60.14002,187.89,7.730002,0.01,0.3,0.025,0.2,2.42294E-05,0,0,0.05,50,0.3,0.025,0.2,0.2,0.025,0.3,0.025,-0.2,0.2,0.025,0,0,0,0,1,0.00,0.00,23
0.6359688,0,0.4877816,-0.175133,-0.5750815,68.2,24.84999,359.45,0.01,0,0.5173726,-0.1713484,-0.570154,60.14002,187.89,7.730002,0.01,0.3,0.025,0.2,2.42294E-05,0,0,0.05,50,0.3,0.025,0.2,0.2,0.025,0.3,0.025,-0.2,0.2,0.025,0,0,0,0,1,0.00,0.00,8
0.6411455,0,0.4877816,-0.175133,-0.5750815,68.2,24.84999,359.45,0.01,0,0.5174742,-0.1713484,-0.5700523,60.12,187.89,7.710001,0.01,0.3,0.025,0.2,2.42294E-05,0,0,0.05,50,0.3,0.025,0.2,0.2,0.025,0.3,0.025,-0.2,0.2,0.025,0,0,0,0,1,0.00,0.00,0
0.6464703,0,0.4877816,-0.175133,-0.5750815,68.2,24.84999,359.45,0.01,0,0.5174742,-0.1713484,-0.5700523,60.12,187.89,7.710001,0.01,0.3,0.025,0.2,2.42294E-05,0,0,0.05,50,0.3,0.025,0.2,0.2,0.025,0.3,0.025,-0.2,0.2,0.025,0,0,0,0,1,0.00,0.00,19
0.6535256,0,0.4877816,-0.175133,-0.5750815,68.2,24.84999,359.45,0.01,0,0.5174742,-0.1713484,-0.5700523,60.12,187.89,7.710001,0.01,0.3,0.025,0.2,2.42294E-05,0,0,0.05,50,0.3,0.025,0.2,0.2,0.025,0.3,0.025,-0.2,0.2,0.025,0,0,0,0,1,0.00,0.00,0
0.658786,0,0.4877816,-0.175133,-0.5750815,68.2,24.84999,359.45,0.01,0,0.5174742,-0.1713484,-0.5700523,60.12,187.89,7.710001,0.01,0.3,0.025,0.2,2.42294E-05,0,0,0.05,50,0.3,0.025,0.2,0.2,0.025,0.3,0.025,-0.2,0.2,0.025,0,0,0,0,1,0.00,0.00,0
0.6643552,0,0.4877816,-0.175133,-0.5750815,68.2,24.84999,359.45,0.01,0,0.5175758,-0.1713484,-0.5699253,60.12,187.89,7.710001,0.01,0.3,0.025,0.2,2.42294E-05,0,0,0.05,50,0.3,0.025,0.2,0.2,0.025,0.3,0.025,-0.2,0.2,0.025,0,0,0,0,1,0.00,0.00,23
0.6707665,0,0.4877816,-0.175133,-0.5750815,68.2,24.84999,359.45,0.01,0,0.5175758,-0.1713484,-0.5699253,60.12,187.89,7.710001,0.01,0.3,0.025,0.2,2.42294E-05,0,0,0.05,50,0.3,0.025,0.2,0.2,0.025,0.3,0.025,-0.2,0.2,0.025,0,0,0,0,1,0.00,0.00,0
0.6763836,0,0.4877816,-0.175133,-0.5750815,68.2,24.84999,359.45,0.01,0,0.5175758,-0.1713484,-0.5699253,60.12,187.89,7.710001,0.01,0.3,0.025,0.2,2.42294E-05,0,0,0.05,50,0.3,0.025,0.2,0.2,0.025,0.3,0.025,-0.2,0.2,0.025,0,0,0,0,1,0.00,0.00,29
0.6818394,0,0.4877816,-0.175133,-0.5750815,68.2,24.83,359.43,0.01,0,0.5175758,-0.1713484,-0.5699253,60.10001,187.91,7.710003,0.01,0.3,0.025,0.2,2.42294E-05,0,0,0.05,50,0.3,0.025,0.2,0.2,0.025,0.3,0.025,-0.2,0.2,0.025,0,0,0,0,1,0.00,0.00,0
0.688002,0,0.4877816,-0.175133,-0.5750815,68.2,24.83,359.43,0.01,0,0.5175758,-0.1713484,-0.5699253,60.10001,187.91,7.710003,0.01,0.3,0.025,0.2,2.42294E-05,0,0,0.05,50,0.3,0.025,0.2,0.2,0.025,0.3,0.025,-0.2,0.2,0.025,0,0,0,0,1,0.00,0.00,0
0.6936274,0,0.4877816,-0.175133,-0.5750815,68.2,24.83,359.43,0.01,0,0.5175758,-0.1713484,-0.5699253,60.10001,187.91,7.710003,0.01,0.3,0.025,0.2,2.42294E-05,0,0,0.05,50,0.3,0.025,0.2,0.2,0.025,0.3,0.025,-0.2,0.2,0.025,0,0,0,0,1,0.00,0.00,24
0.6986785,0,0.4877816,-0.175133,-0.5750815,68.2,24.83,359.43,0.01,0,0.5175758,-0.1713484,-0.5699253,60.10001,187.91,7.710003,0.01,0.3,0.025,0.2,2.42294E-05,0,0,0.05,50,0.3,0.025,0.2,0.2,0.025,0.3,0.025,-0.2,0.2,0.025,0,0,0,0,1,0.00,0.00,0
0.7038738,0,0.4877816,-0.175133,-0.5751832,68.23,24.83001,359.43,0.01,0,0.5175758,-0.1712214,-0.5699254,60.10001,187.89,7.710001,0.01,0.3,0.025,0.2,2.42294E-05,0,0,0.05,50,0.3,0.025,0.2,0.2,0.025,0.3,0.025,-0.2,0.2,0.025,0,0,0,0,1,0.00,0.00,0
0.7107514,0,0.4877816,-0.175133,-0.5751832,68.23,24.83001,359.43,0.01,0,0.5175758,-0.1712214,-0.5699254,60.10001,187.89,7.710001,0.01,0.3,0.025,0.2,2.42294E-05,0,0,0.05,50,0.3,0.025,0.2,0.2,0.025,0.3,0.025,-0.2,0.2,0.025,0,0,0,0,1,0.00,0.00,6
0.7328767,0,0.48768,-0.175133,-0.5752847,68.25,24.83,359.43,0.01,0,0.5175758,-0.1711198,-0.5699253,60.1,187.89,7.73,0.01,0.3,0.025,0.2,2.42294E-05,0,0,0.05,50,0.3,0.025,0.2,0.2,0.025,0.3,0.025,-0.2,0.2,0.025,0,0,0,0,1,0.00,0.00,143
0.7538839,0,0.487553,-0.175133,-0.5752847,68.25,24.83001,359.45,0.01,0,0.5174742,-0.1709928,-0.5699253,60.12001,187.89,7.73,0.01,0.3,0.025,0.2,2.42294E-05,0,0,0.05,50,0.3,0.025,0.2,0.2,0.025,0.3,0.025,-0.2,0.2,0.025,0,0,0,0,1,0.00,0.00,8
0.7702679,0,0.487553,-0.175133,-0.5754117,68.25,24.83001,359.45,0.01,0,0.5174742,-0.1709928,-0.5700523,60.12001,187.89,7.759999,0.01,0.3,0.025,0.2,2.42294E-05,0,0,0.05,50,0.3,0.025,0.2,0.2,0.025,0.3,0.025,-0.2,0.2,0.025,0,0,0,0,1,0.00,0.00,0
0.7825401,0,0.487553,-0.175133,-0.5754117,68.25,24.83001,359.45,0.01,0,0.5174742,-0.1709928,-0.5700523,60.12001,187.89,7.759999,0.01,0.3,0.025,0.2,2.42294E-05,0,0,0.05,50,0.3,0.025,0.2,0.2,0.025,0.3,0.025,-0.2,0.2,0.025,0,0,0,0,1,0.00,0.00,0
0.7946441,0,0.487553,-0.175133,-0.5754117,68.25,24.83001,359.45,0.01,0,0.5174742,-0.1709928,-0.5700523,60.12001,187.89,7.759999,0.01,0.3,0.025,0.2,2.42294E-05,0,0,0.05,50,0.3,0.025,0.2,0.2,0.025,0.3,0.025,-0.2,0.2,0.025,0,0,0,0,1,0.00,0.00,0
0.8111582,0,0.487553,-0.175133,-0.5754117,68.27001,24.83001,359.43,0.01,0,0.5174742,-0.1708912,-0.5700523,60.12001,187.89,7.759999,0.01,0.3,0.025,0.2,2.42294E-05,0,0,0.05,50,0.3,0.025,0.2,0.2,0.025,0.3,0.025,-0.2,0.2,0.025,0,0,0,0,1,0.00,0.00,0
0.8236305,0,0.487553,-0.175133,-0.5754117,68.27001,24.83001,359.43,0.01,0,0.5174742,-0.1708912,-0.570154,60.12001,187.91,7.780001,0.01,0.3,0.025,0.2,2.42294E-05,0,0,0.05,50,0.3,0.025,0.2,0.2,0.025,0.3,0.025,-0.2,0.2,0.025,0,0,0,0,1,0.00,0.00,1
0.8355098,0,0.487553,-0.175133,-0.5754117,68.27001,24.83001,359.43,0.01,0,0.5174742,-0.1708912,-0.570154,60.12001,187.91,7.780001,0.01,0.3,0.025,0.2,2.42294E-05,0,0,0.05,50,0.3,0.025,0.2,0.2,0.025,0.3,0.025,-0.2,0.2,0.025,0,0,0,0,1,0.00,0.00,5
0.8478167,0,0.4874514,-0.175133,-0.5754117,68.27,24.85001,359.43,0.01,0,0.5175758,-0.1707896,-0.5700523,60.12001,187.91,7.780001,0.01,0.3,0.025,0.2,2.42294E-05,0,0,0.05,50,0.3,0.025,0.2,0.2,0.025,0.3,0.025,-0.2,0.2,0.025,0,0,0,0,1,0.00,0.00,5
0.8643315,0,0.487553,-0.175133,-0.5754117,68.27,24.85001,359.43,0.01,0,0.5175758,-0.1707896,-0.5700523,60.1,187.91,7.780001,0.01,0.3,0.025,0.2,2.42294E-05,0,0,0.05,50,0.3,0.025,0.2,0.2,0.025,0.3,0.025,-0.2,0.2,0.025,0,0,0,0,1,0.00,0.00,5
0.8768531,0,0.487553,-0.175133,-0.5754117,68.27,24.85001,359.43,0.01,0,0.5175758,-0.1707896,-0.5700523,60.1,187.91,7.780001,0.01,0.3,0.025,0.2,2.42294E-05,0,0,0.05,50,0.3,0.025,0.2,0.2,0.025,0.3,0.025,-0.2,0.2,0.025,0,0,0,0,1,0.00,0.00,5
0.8888551,0,0.487553,-0.175133,-0.5754117,68.27,24.85001,359.43,0.01,0,0.5175758,-0.1707896,-0.5700523,60.1,187.91,7.780001,0.01,0.3,0.025,0.2,2.42294E-05,0,0,0.05,50,0.3,0.025,0.2,0.2,0.025,0.3,0.025,-0.2,0.2,0.025,0,0,0,0,1,0.00,0.00,6
0.905559,0,0.487553,-0.175133,-0.5752847,68.27,24.84999,359.41,0.01,0,0.5175758,-0.1707896,-0.5700523,60.1,187.91,7.780001,0.01,0.3,0.025,0.2,2.42294E-05,0,0,0.05,50,0.3,0.025,0.2,0.2,0.025,0.3,0.025,-0.2,0.2,0.025,0,0,0,0,1,0.00,0.00,5
0.9176187,0,0.487553,-0.175133,-0.5752847,68.27,24.84999,359.41,0.01,0,0.5175758,-0.1707896,-0.5700523,60.1,187.91,7.780001,0.01,0.3,0.025,0.2,2.42294E-05,0,0,0.05,50,0.3,0.025,0.2,0.2,0.025,0.3,0.025,-0.2,0.2,0.025,0,0,0,0,1,0.00,0.00,5
0.9313341,0,0.4874514,-0.175133,-0.5754117,68.27,24.83,359.41,0.01,0,0.5175758,-0.1706626,-0.5700524,60.10001,187.91,7.800001,0.01,0.3,0.025,0.2,2.42294E-05,0,0,0.05,50,0.3,0.025,0.2,0.2,0.025,0.3,0.025,-0.2,0.2,0.025,0,0,0,0,1,0.00,0.00,5
0.9461729,0,0.4874514,-0.175133,-0.5754117,68.27,24.83,359.41,0.01,0,0.5174742,-0.1706626,-0.570154,60.10001,187.91,7.800001,0.01,0.3,0.025,0.2,2.42294E-05,0,0,0.05,50,0.3,0.025,0.2,0.2,0.025,0.3,0.025,-0.2,0.2,0.025,0,0,0,0,1,0.00,0.00,5
0.9585892,0,0.4874514,-0.175133,-0.5754117,68.27,24.83,359.41,0.01,0,0.5174742,-0.1706626,-0.570154,60.10001,187.91,7.800001,0.01,0.3,0.025,0.2,2.42294E-05,0,0,0.05,50,0.3,0.025,0.2,0.2,0.025,0.3,0.025,-0.2,0.2,0.025,0,0,0,0,1,0.00,0.00,6
0.9710656,0,0.4873498,-0.1752346,-0.5754117,68.27,24.83,359.41,0.01,0,0.5174742,-0.170561,-0.570154,60.12001,187.91,7.800001,0.01,0.3,0.025,0.2,2.42294E-05,0,0,0.05,50,0.3,0.025,0.2,0.2,0.025,0.3,0.025,-0.2,0.2,0.025,0,0,0,0,1,0.00,0.00,5
0.9833551,0,0.4873498,-0.1752346,-0.5752847,68.26998,24.83001,359.38,0.01,0,0.5173726,-0.170561,-0.570154,60.12001,187.91,7.800001,0.01,0.3,0.025,0.2,2.42294E-05,0,0,0.05,50,0.3,0.025,0.2,0.2,0.025,0.3,0.025,-0.2,0.2,0.025,0,0,0,0,1,0.00,0.00,6
1.00027,0,0.4872228,-0.1753616,-0.5752847,68.27,24.81,359.38,0.01,0,0.517144,-0.1706626,-0.570154,60.14002,187.91,7.800003,0.01,0.3,0.025,0.2,2.42294E-05,0,0,0.05,50,0.3,0.025,0.2,0.2,0.025,0.3,0.025,-0.2,0.2,0.025,0,0,0,0,1,0.00,0.00,5
1.012414,0,0.4872228,-0.1753616,-0.5752847,68.27,24.81,359.38,0.01,0,0.517144,-0.1706626,-0.570154,60.14002,187.91,7.800003,0.01,0.3,0.025,0.2,2.42294E-05,0,0,0.05,50,0.3,0.025,0.2,0.2,0.025,0.3,0.025,-0.2,0.2,0.025,0,0,0,0,1,0.00,0.00,5
1.024518,0,0.4872228,-0.1754632,-0.5751832,68.27,24.79,359.36,0.01,0,0.5166868,-0.170434,-0.5703825,60.18001,187.89,7.8,0.01,0.3,0.025,0.2,2.42294E-05,0,0,0.05,50,0.3,0.025,0.2,0.2,0.025,0.3,0.025,-0.2,0.2,0.025,0,0,0,0,1,0.00,0.00,6
1.04065,0,0.4872228,-0.1754632,-0.5751832,68.29002,24.79,359.36,0.01,0,0.5165852,-0.1703324,-0.5703825,60.21001,187.89,7.82,0.01,0.3,0.025,0.2,2.42294E-05,0,0,0.05,50,0.3,0.025,0.2,0.2,0.025,0.3,0.025,-0.2,0.2,0.025,0,0,0,0,1,0.00,0.00,5
1.061342,0,0.4872228,-0.1754632,-0.5751832,68.27,24.79,359.36,0.01,0,0.5165852,-0.1702308,-0.5703825,60.20999,187.89,7.839999,0.01,0.3,0.025,0.2,2.42294E-05,0,0,0.05,50,0.3,0.025,0.2,0.2,0.025,0.3,0.025,-0.2,0.2,0.025,0,0,0,0,1,0.00,0.00,5
1.0687,0,0.4872228,-0.1754632,-0.5751832,68.27,24.79,359.36,0.01,0,0.5165852,-0.1702308,-0.5703825,60.20999,187.89,7.839999,0.01,0.3,0.025,0.2,2.42294E-05,0,0,0.05,50,0.3,0.025,0.2,0.2,0.025,0.3,0.025,-0.2,0.2,0.025,0,0,0,0,1,0.00,0.00,5
1.085305,0,0.4873498,-0.1755902,-0.5750815,68.27002,24.79,359.34,0.01,0,0.5168138,-0.1701038,-0.5702809,60.16,187.89,7.839996,0.01,0.3,0.025,0.2,2.42294E-05,0,0,0.05,50,0.3,0.025,0.2,0.2,0.025,0.3,0.025,-0.2,0.2,0.025,0,0,0,0,1,0.00,0.00,5
1.094418,0,0.4873498,-0.1755902,-0.5750815,68.27002,24.79,359.34,0.01,0,0.5168138,-0.1701038,-0.5702809,60.16,187.89,7.839996,0.01,0.3,0.025,0.2,2.42294E-05,0,0,0.05,50,0.3,0.025,0.2,0.2,0.025,0.3,0.025,-0.2,0.2,0.025,0,0,0,0,1,0.00,0.00,6
1.10655,0,0.4872228,-0.1757934,-0.5749545,68.27001,24.79,359.3,0.01,0,0.5169154,-0.1703324,-0.5700524,60.14,187.91,7.820003,0.01,0.3,0.025,0.2,2.42294E-05,0,0,0.05,50,0.3,0.025,0.2,0.2,0.025,0.3,0.025,-0.2,0.2,0.025,0,0,0,0,1,0.00,0.00,5
1.119121,0,0.4872228,-0.1757934,-0.5749545,68.27001,24.79,359.3,0.01,0,0.5169154,-0.1703324,-0.5700524,60.14,187.91,7.820003,0.01,0.3,0.025,0.2,2.42294E-05,0,0,0.05,50,0.3,0.025,0.2,0.2,0.025,0.3,0.025,-0.2,0.2,0.025,0,0,0,0,1,0.00,0.00,5
1.136027,0,0.4872228,-0.176022,-0.5748529,68.26997,24.79001,359.27,0.01,0,0.517017,-0.170561,-0.5699253,60.12001,187.91,7.800001,0.01,0.3,0.025,0.2,2.42294E-05,0,0,0.05,50,0.3,0.025,0.2,0.2,0.025,0.3,0.025,-0.2,0.2,0.025,0,0,0,0,1,0.00,0.00,0
1.147617,0,0.4873498,-0.176022,-0.5748529,68.26997,24.79001,359.27,0.01,0,0.517144,-0.170561,-0.5699253,60.12001,187.91,7.800001,0.01,0.3,0.025,0.2,2.42294E-05,0,0,0.05,50,0.3,0.025,0.2,0.2,0.025,0.3,0.025,-0.2,0.2,0.025,0,0,0,0,1,0.00,0.00,6
1.159958,0,0.4873498,-0.176022,-0.5748529,68.26997,24.79001,359.27,0.01,0,0.517144,-0.170561,-0.5699253,60.12001,187.91,7.800001,0.01,0.3,0.025,0.2,2.42294E-05,0,0,0.05,50,0.3,0.025,0.2,0.2,0.025,0.3,0.025,-0.2,0.2,0.025,0,0,0,0,1,0.00,0.00,0
1.17595,0,0.4873498,-0.176149,-0.5748529,68.25002,24.79,359.25,0.01,0,0.517144,-0.1706626,-0.5699253,60.09999,187.89,7.799999,0.01,0.3,0.025,0.2,2.42294E-05,0,0,0.05,50,0.3,0.025,0.2,0.2,0.025,0.3,0.025,-0.2,0.2,0.025,0,0,0,0,1,0.00,0.00,5
1.190329,0,0.4873498,-0.176149,-0.5748529,68.25002,24.79,359.25,0.01,0,0.5172456,-0.1706626,-0.5699253,60.09999,187.89,7.799999,0.01,0.3,0.025,0.2,2.42294E-05,0,0,0.05,50,0.3,0.025,0.2,0.2,0.025,0.3,0.025,-0.2,0.2,0.025,0,0,0,0,1,0.00,0.00,5
1.203379,0,0.4873498,-0.176022,-0.5748529,68.25002,24.79,359.25,0.01,0,0.5172456,-0.1706626,-0.5699253,60.10001,187.91,7.800001,0.01,0.3,0.025,0.2,2.42294E-05,0,0,0.05,50,0.3,0.025,0.2,0.2,0.025,0.3,0.025,-0.2,0.2,0.025,0,0,0,0,1,0.00,0.00,5
1.217268,0,0.4873498,-0.176022,-0.5748529,68.25002,24.79,359.25,0.01,0,0.5172456,-0.1706626,-0.5699253,60.10001,187.91,7.800001,0.01,0.3,0.025,0.2,2.42294E-05,0,0,0.05,50,0.3,0.025,0.2,0.2,0.025,0.3,0.025,-0.2,0.2,0.025,0,0,0,0,1,0.00,0.00,5
1.22977,0,0.4873498,-0.1757934,-0.5748529,68.25002,24.80999,359.27,0.01,0,0.5173726,-0.170561,-0.5698237,60.07,187.91,7.800003,0.01,0.3,0.025,0.2,2.42294E-05,0,0,0.05,50,0.3,0.025,0.2,0.2,0.025,0.3,0.025,-0.2,0.2,0.025,0,0,0,0,1,0.00,0.00,5
1.242734,0,0.4873498,-0.1757934,-0.5748529,68.25002,24.80999,359.27,0.01,0,0.5174742,-0.170434,-0.5698237,60.07,187.91,7.800003,0.01,0.3,0.025,0.2,2.42294E-05,0,0,0.05,50,0.3,0.025,0.2,0.2,0.025,0.3,0.025,-0.2,0.2,0.025,0,0,0,0,1,0.00,0.00,5
1.256053,0,0.4873498,-0.1757934,-0.5748529,68.25002,24.80999,359.27,0.01,0,0.5174742,-0.170434,-0.5698237,60.07,187.91,7.800003,0.01,0.3,0.025,0.2,2.42294E-05,0,0,0.05,50,0.3,0.025,0.2,0.2,0.025,0.3,0.025,-0.2,0.2,0.025,0,0,0,0,1,0.00,0.00,5
1.272508,0,0.4873498,-0.1757934,-0.5747259,68.25002,24.80999,359.27,0.01,0,0.5174742,-0.170561,-0.5697221,60.07,187.91,7.800003,0.01,0.3,0.025,0.2,2.42294E-05,0,0,0.05,50,0.3,0.025,0.2,0.2,0.025,0.3,0.025,-0.2,0.2,0.025,0,0,0,0,1,0.00,0.00,5
1.28315,0,0.4873498,-0.1757934,-0.5747259,68.25002,24.80999,359.27,0.01,0,0.5174742,-0.170561,-0.5697221,60.04999,187.91,7.799997,0.01,0.3,0.025,0.2,2.42294E-05,0,0,0.05,50,0.3,0.025,0.2,0.2,0.025,0.3,0.025,-0.2,0.2,0.025,0,0,0,0,1,0.00,0.00,5
1.295385,0,0.4873498,-0.1757934,-0.5747259,68.25002,24.80999,359.27,0.01,0,0.5174742,-0.170561,-0.5697221,60.04999,187.91,7.799997,0.01,0.3,0.025,0.2,2.42294E-05,0,0,0.05,50,0.3,0.025,0.2,0.2,0.025,0.3,0.025,-0.2,0.2,0.025,0,0,0,0,1,0.00,0.00,5
1.311293,0,0.4874514,-0.1759204,-0.5746244,68.23003,24.79,359.25,0.01,0,0.5175758,-0.170561,-0.5695951,60.02999,187.91,7.799999,0.01,0.3,0.025,0.2,2.42294E-05,0,0,0.05,50,0.3,0.025,0.2,0.2,0.025,0.3,0.025,-0.2,0.2,0.025,0,0,0,0,1,0.00,0.00,5
1.324129,0,0.4874514,-0.1759204,-0.5746244,68.23003,24.79,359.25,0.01,0,0.5177028,-0.170434,-0.5694935,60.03003,187.91,7.820003,0.01,0.3,0.025,0.2,2.42294E-05,0,0,0.05,50,0.3,0.025,0.2,0.2,0.025,0.3,0.025,-0.2,0.2,0.025,0,0,0,0,1,0.00,0.00,5
1.336459,0,0.4874514,-0.1759204,-0.5746244,68.23003,24.79,359.25,0.01,0,0.5177028,-0.170434,-0.5694935,60.03003,187.91,7.820003,0.01,0.3,0.025,0.2,2.42294E-05,0,0,0.05,50,0.3,0.025,0.2,0.2,0.025,0.3,0.025,-0.2,0.2,0.025,0,0,0,0,1,0.00,0.00,5
1.351681,0,0.487553,-0.1759204,-0.5745227,68.20001,24.79,359.25,0.01,0,0.5178044,-0.1702308,-0.5694935,60.01,187.89,7.84,0.01,0.3,0.025,0.2,2.42294E-05,0,0,0.05,50,0.3,0.025,0.2,0.2,0.025,0.3,0.025,-0.2,0.2,0.025,0,0,0,0,1,0.00,0.00,6
1.364055,0,0.487553,-0.1759204,-0.5745227,68.20001,24.79,359.25,0.01,0,0.5178044,-0.1702308,-0.5694935,59.99003,187.89,7.840001,0.01,0.3,0.025,0.2,2.42294E-05,0,0,0.05,50,0.3,0.025,0.2,0.2,0.025,0.3,0.025,-0.2,0.2,0.025,0,0,0,0,1,0.00,0.00,5
1.376427,0,0.487553,-0.1759204,-0.5745227,68.20001,24.79,359.25,0.01,0,0.5178044,-0.1702308,-0.5694935,59.99003,187.89,7.840001,0.01,0.3,0.025,0.2,2.42294E-05,0,0,0.05,50,0.3,0.025,0.2,0.2,0.025,0.3,0.025,-0.2,0.2,0.025,0,0,0,0,1,0.00,0.00,5
